m/z value,Total,VAN0010-LK-152-8,VAN0012-RK-102-164,VAN0012-RK-102-167,VAN0013-LK-203-8,VAN0016-LK-203-68,VAN0028-LK-4-8,VAN0029-RK-2-82,VAN0030-LK-3-383,VAN0031-LK-2-38,VAN0031-LK-3-63,VAN0033-RK-2-66,VAN0034-RK-4-36
616.475,0.11602,0.10229786485433578,0.1299196034669876,0.09550058841705322,0.11414267122745514,0.13092337548732758,0.14589297771453857,0.13426806032657623,0.12512657046318054,0.1430150270462036,0.10343674570322037,0.10077772289514542,0.13892331719398499
630.49,0.09139,0.11281141638755798,0.0970311313867569,0.12773606181144714,0.08189526200294495,0.1063426211476326,0.10582631826400757,0.11959502100944519,0.10444098711013794,0.0712936520576477,0.07524038851261139,0.07866977900266647,0.09996440261602402
642.49,0.04006,0.048631906509399414,0.04377489537000656,0.0384795144200325,0.041859645396471024,0.04857019707560539,0.04968923330307007,0.046093929558992386,0.045048896223306656,0.04388875514268875,0.04119198024272919,0.04447603598237038,0.043669916689395905
644.505,0.08201,0.08058752864599228,0.0782693475484848,0.08659260720014572,0.08882410824298859,0.08855617046356201,0.07874243706464767,0.07915107160806656,0.08964850753545761,0.05581970885396004,0.08110462874174118,0.0870446190237999,0.0760665163397789
647.468,0.09511,0.10709972679615021,0.08364848792552948,0.0976385548710823,0.08989758789539337,0.08139096945524216,0.12049461156129837,0.07063998281955719,0.10038693994283676,0.09117304533720016,0.06074364855885506,0.09172380715608597,0.12003409117460251
650.406,0.07288,0.07809388637542725,0.056259635835886,0.09573400765657425,0.044862713664770126,0.04504358768463135,0.05222645029425621,0.06336408853530884,0.03875045105814934,0.24760480225086212,0.12538579106330872,0.03571644797921181,0.035240013152360916
664.422,0.07918,0.06983175873756409,0.0491211973130703,0.05962134897708893,0.038684334605932236,0.04146857187151909,0.04353120177984238,0.059191953390836716,0.042216021567583084,0.3048538267612457,0.16453178226947784,0.04815635830163956,0.03820447623729706
671.468,0.03634,0.032657478004693985,0.045433416962623596,0.03547214716672897,0.031377751380205154,0.04322674125432968,0.05211218446493149,0.04865412414073944,0.04027190059423447,0.05162206292152405,0.03605307266116142,0.03519395366311073,0.045200414955616
672.535,0.11162,0.09029704332351685,0.11364532262086868,0.11383254826068878,0.0432625450193882,0.11270911246538162,0.1781144142150879,0.0819714218378067,0.10704714804887772,0.11181660741567612,0.052914779633283615,0.03867686539888382,0.16729141771793365
673.483,0.08435,0.11861689388751984,0.09579767286777496,0.09118589013814926,0.0713781788945198,0.09261582791805267,0.09696921706199646,0.07588516920804977,0.08653081953525543,0.09071632474660873,0.06935227662324905,0.09224401414394379,0.09815659373998642
678.437,0.07905,0.08464980125427246,0.07647033780813217,0.09512553364038467,0.060203708708286285,0.07142512500286102,0.05805716663599014,0.06444895267486572,0.055843502283096313,0.1755664348602295,0.13936695456504822,0.05233561992645264,0.054000649601221085
685.483,0.09226,0.10169655829668045,0.0884053036570549,0.0885227844119072,0.0806562602519989,0.08145324885845184,0.08414319902658463,0.11035063117742538,0.08544233441352844,0.08702754229307175,0.08899147063493729,0.11803779751062393,0.09314271062612534
687.499,0.09899,0.08734402805566788,0.09639467298984528,0.0820273905992508,0.10134643316268921,0.09889794141054153,0.10127853602170944,0.10538584738969803,0.11735285818576813,0.07766948640346527,0.08281165361404419,0.0792507454752922,0.1439063847064972
692.452,0.0757,0.07224714010953903,0.0684574767947197,0.08565527200698853,0.04713507369160652,0.056023091077804565,0.06489573419094086,0.054017916321754456,0.07020028680562973,0.19320011138916016,0.11530350893735886,0.05193694680929184,0.07315035164356232
695.467,0.0744,0.0787387564778328,0.08049394190311432,0.08567928522825241,0.0881664827466011,0.07051575928926468,0.07740519940853119,0.07782357186079025,0.06467872112989426,0.07456952333450317,0.047984421253204346,0.06382409483194351,0.057584889233112335
697.482,0.08764,0.07590104639530182,0.08594255149364471,0.08134038001298904,0.07143425196409225,0.09215303510427475,0.09708765149116516,0.07645824551582336,0.08007478713989258,0.0987195372581482,0.05655026063323021,0.06982635706663132,0.09680899232625961
698.551,0.11476,0.09829307347536087,0.12028881907463074,0.114827461540699,0.06371760368347168,0.15213650465011597,0.17616663873195648,0.08409254252910614,0.12527702748775482,0.09856022894382477,0.060828618705272675,0.05646997317671776,0.18573544919490814
699.498,0.03498,0.04042787849903107,0.04207519441843033,0.03205455094575882,0.038383036851882935,0.03504990413784981,0.041817400604486465,0.060032375156879425,0.03439272567629814,0.03070497326552868,0.04343261942267418,0.0430874302983284,0.040841132402420044
700.502,0.03741,0.04411233216524124,0.037686869502067566,0.0349753275513649,0.041514087468385696,0.03817114233970642,0.03974774479866028,0.041277702897787094,0.035638146102428436,0.037217624485492706,0.0486825667321682,0.045122720301151276,0.038178451359272
700.566,0.05141,0.06250286847352982,0.049299970269203186,0.04917382448911667,0.04071981459856033,0.05138671398162842,0.04992976784706116,0.04207581654191017,0.04408567026257515,0.0653456598520279,0.06573749333620071,0.040148891508579254,0.05025668814778328
701.513,0.07252,0.08114712685346603,0.05439743027091026,0.11859873682260513,0.045479144901037216,0.04055318608880043,0.0632345974445343,0.0704585388302803,0.04802968353033066,0.06045212596654892,0.054376065731048584,0.06445787847042084,0.04674519971013069
714.509,0.08452,0.1051693856716156,0.07369988411664963,0.1033199205994606,0.10654168576002121,0.08636414259672165,0.08971752226352692,0.07406754046678543,0.0730607658624649,0.14189964532852173,0.08132094144821167,0.10158266127109528,0.06649959087371826
714.581,0.07947,0.0816301703453064,0.06840020418167114,0.10235467553138733,0.06812696158885956,0.07438851147890091,0.10261458903551102,0.09527356922626495,0.06027776747941971,0.10606574267148972,0.07857850193977356,0.06703568249940872,0.07817523926496506
715.512,0.08974,0.07411149889230728,0.09781128913164139,0.11736827343702316,0.07273553311824799,0.0775633156299591,0.11256104707717896,0.08755644410848618,0.08851452171802521,0.13136041164398193,0.05701602250337601,0.05748770013451576,0.07908676564693451
716.524,0.16062,0.1951238363981247,0.19484660029411316,0.12884441018104553,0.11454876512289047,0.18429505825042725,0.20134510099887848,0.1222587525844574,0.16383835673332214,0.13916142284870148,0.10040408372879028,0.1454954743385315,0.17422832548618317
718.539,0.08009,0.060745615512132645,0.09380054473876953,0.06559277325868607,0.08123543858528137,0.07914361357688904,0.11454879492521286,0.07824690639972687,0.09321596473455429,0.06536171585321426,0.035715214908123016,0.0518467053771019,0.10113004595041275
721.482,0.06031,0.07689513266086578,0.05329938977956772,0.09319698810577393,0.0797947570681572,0.05355435609817505,0.062221769243478775,0.07333896309137344,0.052536994218826294,0.06426157057285309,0.07035907357931137,0.06754391640424728,0.047482866793870926
722.513,0.06953,0.07611328363418579,0.057964298874139786,0.05976676568388939,0.07526332139968872,0.07390214502811432,0.06990627199411392,0.07118020951747894,0.06168384850025177,0.07632794976234436,0.0833573266863823,0.07683126628398895,0.049188923090696335
723.5,0.0632,0.06860166043043137,0.04617854952812195,0.049850013107061386,0.043225158005952835,0.04194730892777443,0.050021734088659286,0.06424809992313385,0.04478031396865845,0.04520304873585701,0.0531856007874012,0.04579286277294159,0.03367013856768608
726.581,0.05113,0.04330587387084961,0.06220141425728798,0.046449266374111176,0.03820623457431793,0.06099853664636612,0.06758847087621689,0.05618302896618843,0.05444587767124176,0.04763967916369438,0.03313940763473511,0.03291567414999008,0.06575226783752441
728.526,0.08648,0.08556516468524933,0.08998249471187592,0.110661081969738,0.0812663808465004,0.07649388164281845,0.10601842403411865,0.12490236759185791,0.07720217853784561,0.07377562671899796,0.06898968666791916,0.06208560988306999,0.09061499685049057
728.596,0.04373,0.05735740065574646,0.045187193900346756,0.0494387224316597,0.05568714812397957,0.04845145344734192,0.04678337648510933,0.04566800221800804,0.06537212431430817,0.041055988520383835,0.0336628183722496,0.034829095005989075,0.055010389536619186
731.44,0.08105,0.06699701398611069,0.059415996074676514,0.0756622776389122,0.055138908326625824,0.06224507465958595,0.07065483182668686,0.06303543597459793,0.07578147202730179,0.11143109202384949,0.09443925321102142,0.05635598301887512,0.09805076569318771
738.508,0.0485,0.03647448495030403,0.05414976179599762,0.05705302581191063,0.025325674563646317,0.042285338044166565,0.07282818108797073,0.052419330924749374,0.03705597296357155,0.12030713260173798,0.04530822113156319,0.028342977166175842,0.03379074111580849
740.522,0.03892,0.05374714732170105,0.032118652015924454,0.03174572065472603,0.04422278702259064,0.03934963047504425,0.034798841923475266,0.0344293974339962,0.0304565466940403,0.03919404745101929,0.04246214032173157,0.05588246509432793,0.0285591259598732
742.539,0.04536,0.04521080479025841,0.05745909363031387,0.06438011676073074,0.02537611871957779,0.04823578894138336,0.06580132991075516,0.05756683275103569,0.05349032208323479,0.06235480681061745,0.036253489553928375,0.031503815203905106,0.046048782765865326
743.608,0.17827,0.14157290756702423,0.16601674258708954,0.2099093347787857,0.07324564456939697,0.1923142969608307,0.2610703706741333,0.13716000318527222,0.14816008508205414,0.21790491044521332,0.0860123559832573,0.060010068118572235,0.24670299887657166
744.554,0.25447,0.3194834291934967,0.26650315523147583,0.27773433923721313,0.2335466891527176,0.23361726105213165,0.2819272577762604,0.27421268820762634,0.23064525425434113,0.20964835584163666,0.22638240456581116,0.2505645155906677,0.26993367075920105
747.517,0.06211,0.05671088024973869,0.07832435518503189,0.0915774554014206,0.038301266729831696,0.06001374125480652,0.06842315942049026,0.06297799199819565,0.04730099067091942,0.10295446217060089,0.042321547865867615,0.03730294853448868,0.04301859065890312
748.526,0.05959,0.056445322930812836,0.05932343378663063,0.054476648569107056,0.06028953939676285,0.06402768194675446,0.05276874452829361,0.07306235283613205,0.054895661771297455,0.05245622992515564,0.06192116439342499,0.05040096119046211,0.045135706663131714
749.522,0.07332,0.08569343388080597,0.06155110523104668,0.0945468619465828,0.06938183307647705,0.06696321070194244,0.06007255241274834,0.0865802988409996,0.0591362901031971,0.05605204403400421,0.07968065142631531,0.07011016458272934,0.05553370341658592
750.543,0.08974,0.08768478035926819,0.07582622021436691,0.1240658164024353,0.09123756736516953,0.06958261132240295,0.06996912509202957,0.12641839683055878,0.06858625262975693,0.06777230650186539,0.07741846889257431,0.057972073554992676,0.0825837254524231
754.61,0.06189,0.05596824362874031,0.06049172207713127,0.0687505304813385,0.04609937593340874,0.0662342831492424,0.06342648714780807,0.06400401890277863,0.049474529922008514,0.08774923533201218,0.04655748978257179,0.04065214470028877,0.05286835879087448
760.512,0.07656,0.07557729631662369,0.07613104581832886,0.0727274939417839,0.07295924425125122,0.08285827934741974,0.07884373515844345,0.0878320038318634,0.09258756786584854,0.08210234344005585,0.0698314979672432,0.06809981167316437,0.07501388341188431
762.507,0.08861,0.08529482781887054,0.09249306470155716,0.11559870094060898,0.1074414923787117,0.08147656172513962,0.0898297131061554,0.09672646224498749,0.07025395333766937,0.14322687685489655,0.06729143857955933,0.07778944820165634,0.0703888013958931
764.522,0.04599,0.07570149004459381,0.041425660252571106,0.0497896634042263,0.05089631304144859,0.04566149041056633,0.04473006725311279,0.043214403092861176,0.03377464786171913,0.04726415127515793,0.041913796216249466,0.051014263182878494,0.03432435542345047
766.538,0.03703,0.033731915056705475,0.044796064496040344,0.04387305676937103,0.032179780304431915,0.04062754288315773,0.04465669393539429,0.04174499586224556,0.0392821729183197,0.04242590442299843,0.03604014217853546,0.025433285161852837,0.03789519518613815
769.622,0.08225,0.07253602147102356,0.07108374685049057,0.08286593109369278,0.06148931011557579,0.09075231105089188,0.10198897868394852,0.06597183644771576,0.09050581604242325,0.06233188137412071,0.05618134140968323,0.09445469826459885,0.10562034696340561
770.568,0.05904,0.07783617824316025,0.05680852010846138,0.09489840269088745,0.055409789085388184,0.07362698018550873,0.0747515857219696,0.07418792694807053,0.05534806847572327,0.07809990644454956,0.04552147909998894,0.04243660718202591,0.0755157396197319
771.637,0.06413,0.06695079803466797,0.055050548166036606,0.06378819793462753,0.055608417838811874,0.06391457468271255,0.052421215921640396,0.04997580125927925,0.05389949306845665,0.06643842160701752,0.06615518033504486,0.05539516359567642,0.04830842465162277
774.481,0.08309,0.0767686665058136,0.049775831401348114,0.07294826954603195,0.03452134504914284,0.04847282916307449,0.06552283465862274,0.07162228971719742,0.05586502328515053,0.24782948195934296,0.10310390591621399,0.05344653129577637,0.05938102304935455
775.485,0.0681,0.07636630535125732,0.0572119764983654,0.0840165913105011,0.03145824000239372,0.05143648013472557,0.03796521946787834,0.048735447227954865,0.03420139104127884,0.14909645915031433,0.09733040630817413,0.030988452956080437,0.03373652324080467
778.513,0.08933,0.08731256425380707,0.07984395325183868,0.12452556937932968,0.06722541898488998,0.09578672796487808,0.10144585371017456,0.12175007164478302,0.07782942056655884,0.09820155799388885,0.11212218552827835,0.07325289398431778,0.07956806570291519
779.516,0.07949,0.06759341806173325,0.06178370863199234,0.11534988135099411,0.05602239444851875,0.06514658033847809,0.06567980349063873,0.09592139720916748,0.05417924001812935,0.08285907655954361,0.09669702500104904,0.05546668544411659,0.0534224808216095
782.495,0.07826,0.06186314672231674,0.07356417924165726,0.07899723947048187,0.0543728806078434,0.06601663678884506,0.08231903612613678,0.07164793461561203,0.0714438185095787,0.09213081747293472,0.06254643201828003,0.0614130012691021,0.06374271959066391
785.652,0.0463,0.04401930421590805,0.03542063757777214,0.033746276050806046,0.04026682674884796,0.03850657492876053,0.04951464757323265,0.05710043013095856,0.035626064985990524,0.053175706416368484,0.0527508519589901,0.04299803823232651,0.04157372936606407
786.527,0.07152,0.09605807065963745,0.0657339096069336,0.07208965718746185,0.06635090708732605,0.06976132839918137,0.0650007575750351,0.08264154940843582,0.06641366332769394,0.08956053853034973,0.0745038390159607,0.09563884884119034,0.062030717730522156
788.543,0.06873,0.09622697532176971,0.05606212466955185,0.14637461304664612,0.05311916396021843,0.05678173154592514,0.06301167607307434,0.08758462965488434,0.06758534908294678,0.07168330252170563,0.06321747601032257,0.05402850732207298,0.04547832906246185
789.546,0.08046,0.08319289237260818,0.07891976833343506,0.08902419358491898,0.07950206100940704,0.06564214080572128,0.06808842718601227,0.09973827749490738,0.0865669846534729,0.047788556665182114,0.0658523291349411,0.0902109146118164,0.06841153651475906
790.54,0.08013,0.07808655500411987,0.08481798321008682,0.07360070943832397,0.09215209633111954,0.08494984358549118,0.08695750683546066,0.09262973815202713,0.09610608965158463,0.06339722871780396,0.06633187085390091,0.07352753728628159,0.08631716668605804
792.552,0.06748,0.07607954740524292,0.051722802221775055,0.08808967471122742,0.05047003552317619,0.05382459610700607,0.06391216069459915,0.08340433239936829,0.05664140731096268,0.0705263540148735,0.08262130618095398,0.04959140717983246,0.061870064586400986
794.509,0.12932,0.14022395014762878,0.10849392414093018,0.09092019498348236,0.12596414983272552,0.14633139967918396,0.1323402225971222,0.0928327813744545,0.1471947729587555,0.11436004936695099,0.12007153779268265,0.09806837886571884,0.11943090707063675
794.567,0.06705,0.077067531645298,0.06465401500463486,0.09612778574228287,0.05865431949496269,0.07362925261259079,0.08551669120788574,0.0898122787475586,0.06523943692445755,0.0715232565999031,0.07382652163505554,0.0487205944955349,0.08861424028873444
795.636,0.07864,0.08021911978721619,0.05762563273310661,0.07946144789457321,0.06185973808169365,0.06566707044839859,0.06525327265262604,0.07381518930196762,0.07824986428022385,0.04587841033935547,0.055496588349342346,0.09158403426408768,0.06342358887195587
797.652,0.08443,0.06381677091121674,0.08592133224010468,0.06255647540092468,0.06737317889928818,0.07693442702293396,0.08258417993783951,0.08136532455682755,0.07785777002573013,0.05148424953222275,0.04468752071261406,0.06054157391190529,0.0857977494597435
799.666,0.05467,0.061969757080078125,0.06057454273104668,0.046140898019075394,0.045815031975507736,0.062142834067344666,0.060205571353435516,0.05547577515244484,0.060094546526670456,0.04761850833892822,0.039065103977918625,0.045158110558986664,0.06327824294567108
809.515,0.06394,0.05662894621491432,0.048207737505435944,0.04391103610396385,0.050362661480903625,0.06105401739478111,0.05571239814162254,0.06307610124349594,0.046254586428403854,0.08140087872743607,0.04979470372200012,0.06675714254379272,0.03807331621646881
827.558,0.10252,0.09257666021585464,0.08188990503549576,0.1397949457168579,0.07752230018377304,0.10166239738464355,0.09774205833673477,0.13090765476226807,0.07015373557806015,0.1678113490343094,0.06636036187410355,0.08332528173923492,0.06302488595247269
832.508,0.08376,0.08815749734640121,0.07374367117881775,0.0833609327673912,0.07300014793872833,0.07022425532341003,0.08866704255342484,0.0785975456237793,0.09153866767883301,0.0845700278878212,0.07875853031873703,0.09674061834812164,0.06736098974943161
833.514,0.04201,0.042174067348241806,0.04982057958841324,0.04575014486908913,0.04133047163486481,0.05602119863033295,0.04955945163965225,0.051039282232522964,0.04698856174945831,0.05015361309051514,0.049167029559612274,0.04055442288517952,0.04928981140255928
835.53,0.04658,0.06339916586875916,0.038503166288137436,0.04882543161511421,0.04146077483892441,0.04511390998959541,0.04745039343833923,0.05018916353583336,0.03799864277243614,0.05537058040499687,0.056652218103408813,0.06529035419225693,0.03752173110842705
836.534,0.05494,0.055293407291173935,0.05714545026421547,0.05148306116461754,0.056738775223493576,0.060931891202926636,0.05473387613892555,0.05032859370112419,0.062052663415670395,0.06841662526130676,0.07186786830425262,0.062147919088602066,0.06233945116400719
837.545,0.05956,0.07322324812412262,0.05925716087222099,0.07178958505392075,0.0382712185382843,0.054155364632606506,0.05914103239774704,0.056257203221321106,0.06391022354364395,0.12544800341129303,0.07345443964004517,0.044674720615148544,0.043016888201236725
855.561,0.04215,0.03516146540641785,0.041375841945409775,0.03599640727043152,0.03560077026486397,0.04133469983935356,0.04275478795170784,0.03981942683458328,0.04131685942411423,0.04062696918845177,0.03636479005217552,0.038886748254299164,0.039101533591747284
857.514,0.09524,0.08750728517770767,0.12061250954866409,0.08415967971086502,0.07078351825475693,0.12300705909729004,0.10060922801494598,0.0721086859703064,0.09592365473508835,0.1169535294175148,0.06756655126810074,0.07138290256261826,0.10411571711301804
857.576,0.07659,0.0778309777379036,0.07901234179735184,0.0828196257352829,0.05982527136802673,0.0810672715306282,0.09945327043533325,0.09601553529500961,0.07085675001144409,0.06239497289061546,0.041282638907432556,0.055292729288339615,0.07977057248353958
859.527,0.05418,0.04286365211009979,0.07488676905632019,0.08722101897001266,0.03472448140382767,0.04038786143064499,0.04982004314661026,0.07096079736948013,0.038845714181661606,0.06736913323402405,0.04093689098954201,0.032046571373939514,0.04794866591691971
861.545,0.10297,0.07254208624362946,0.12250780314207077,0.08613036572933197,0.053398117423057556,0.152589812874794,0.13099543750286102,0.08547572046518326,0.09411752969026566,0.12704236805438995,0.0684228241443634,0.05615886300802231,0.13591687381267548
862.603,0.09672,0.09161379933357239,0.11259876936674118,0.08893204480409622,0.1105947270989418,0.11332118511199951,0.09587208181619644,0.1010148674249649,0.11003543436527252,0.07606685161590576,0.07553572207689285,0.0895087793469429,0.11705943197011948
863.561,0.04953,0.03595921769738197,0.042931605130434036,0.043279699981212616,0.03052869252860546,0.03567102551460266,0.04684753715991974,0.052628859877586365,0.03361573815345764,0.07629701495170593,0.05020015314221382,0.03022177517414093,0.0335465669631958
870.597,0.13618,0.2148325890302658,0.0720297172665596,0.09873315691947937,0.11341725289821625,0.12027004361152649,0.09228286892175674,0.1388436108827591,0.05493421480059624,0.18297411501407623,0.07418835908174515,0.4916459918022156,0.04917844012379646
876.618,0.07652,0.07752063870429993,0.08758435398340225,0.09177884459495544,0.0821339562535286,0.07700905948877335,0.07616572082042694,0.09776011854410172,0.08546148985624313,0.07538439333438873,0.10162277519702911,0.09174812585115433,0.08042027056217194
878.598,0.11165,0.10732682794332504,0.1191224753856659,0.11319537460803986,0.1391291618347168,0.10658268630504608,0.09679665416479111,0.1508796364068985,0.11531852930784225,0.11265063285827637,0.19824065268039703,0.13770173490047455,0.10030747205018997
879.561,0.0745,0.09924472123384476,0.07871822267770767,0.10729382187128067,0.0712638646364212,0.07103011757135391,0.0748019888997078,0.07942873984575272,0.07214286178350449,0.0825674831867218,0.07334938645362854,0.07083576917648315,0.0661797970533371
881.616,0.32964,0.27006956934928894,0.3136235177516937,0.20355190336704254,0.24025531113147736,0.5903853178024292,0.3571687936782837,0.17055177688598633,0.5599539875984192,0.16842398047447205,0.13361750543117523,0.1547970324754715,0.550035834312439
883.528,0.03562,0.02932530827820301,0.036473557353019714,0.03732313588261604,0.033110614866018295,0.03262738138437271,0.03650455176830292,0.046484142541885376,0.029110267758369446,0.036993179470300674,0.03790341317653656,0.030253808945417404,0.028446931391954422
883.59,0.07775,0.07709416002035141,0.07158337533473969,0.07729794085025787,0.08393602818250656,0.07640768587589264,0.07513242959976196,0.08414842933416367,0.07200418412685394,0.0653085708618164,0.08359090238809586,0.06833477318286896,0.07368557155132294
885.545,0.06226,0.06575597077608109,0.05698338896036148,0.051675133407115936,0.048935163766145706,0.055574581027030945,0.05976616591215134,0.05257482826709747,0.06886272132396698,0.0676165446639061,0.062032878398895264,0.043178994208574295,0.055422693490982056
886.548,0.05182,0.059078823775053024,0.04931537061929703,0.07034692168235779,0.042179472744464874,0.06031070277094841,0.04893403872847557,0.04657730087637901,0.06637024134397507,0.05864866077899933,0.0428822822868824,0.03874049708247185,0.04726831987500191
890.633,0.13967,0.14313413202762604,0.13836616277694702,0.09515243023633957,0.0957452654838562,0.15563906729221344,0.14541912078857422,0.11424132436513901,0.18975675106048584,0.09762461483478546,0.08459068834781647,0.1289639174938202,0.1582498401403427
892.613,0.07779,0.08964447677135468,0.08105268329381943,0.091891348361969,0.09588634222745895,0.06540431082248688,0.06848335266113281,0.08971740305423737,0.06432616710662842,0.06302603334188461,0.08908654004335403,0.10827161371707916,0.06517178565263748
893.616,0.07367,0.0940493792295456,0.06951459497213364,0.14144374430179596,0.07691065222024918,0.05745561420917511,0.05848070979118347,0.09455836564302444,0.06088532134890556,0.08223207294940948,0.08538521826267242,0.08240894973278046,0.062050167471170425
894.626,0.18116,0.14969508349895477,0.1706358641386032,0.12988564372062683,0.1423099786043167,0.31133604049682617,0.2031281441450119,0.10380026698112488,0.295512318611145,0.10434457659721375,0.10304095596075058,0.11917781829833984,0.3260347545146942
896.609,0.10576,0.1541331261396408,0.11794079840183258,0.1646837294101715,0.12398520857095718,0.10200244933366776,0.10311590135097504,0.14474597573280334,0.1370270997285843,0.08418959379196167,0.17920273542404175,0.20900049805641174,0.11281033605337143
898.6,0.09509,0.12599775195121765,0.09066339582204819,0.09290030598640442,0.08997906744480133,0.1560746133327484,0.09139871597290039,0.09455140680074692,0.08888453245162964,0.06600764393806458,0.06405090540647507,0.11613036692142487,0.10629040002822876
905.615,0.05844,0.067988321185112,0.04969368875026703,0.09422403573989868,0.05648717284202576,0.048644911497831345,0.04169178381562233,0.09675426781177521,0.05338577181100845,0.05502903088927269,0.08337506651878357,0.060838665813207626,0.039327628910541534
910.623,0.09584,0.09418746829032898,0.09565448015928268,0.11828456819057465,0.10255280137062073,0.1034427210688591,0.09502710402011871,0.09756860136985779,0.10997127741575241,0.07208477705717087,0.07938879728317261,0.10887960344552994,0.10045186430215836
922.614,0.06779,0.06953304260969162,0.05236528068780899,0.11610810458660126,0.044774141162633896,0.04834026098251343,0.05539170652627945,0.1061200350522995,0.050652313977479935,0.06779735535383224,0.06608046591281891,0.09158726036548615,0.0381307378411293
924.637,0.32917,0.39359569549560547,0.2995530664920807,0.3602524995803833,0.3333238959312439,0.274420827627182,0.23273828625679016,0.38735535740852356,0.27408868074417114,0.18918603658676147,0.37728196382522583,0.4669627249240875,0.2591944634914398
940.56,0.18873,0.14286074042320251,0.20964430272579193,0.17788036167621613,0.12107833474874496,0.24559220671653748,0.27756524085998535,0.18368932604789734,0.21771235764026642,0.27382025122642517,0.11521092802286148,0.09925194084644318,0.2242477536201477
