m/z value,Total,VAN0010-LK-152-8,VAN0012-RK-102-164,VAN0012-RK-102-167,VAN0013-LK-203-8,VAN0016-LK-203-68,VAN0028-LK-4-8,VAN0029-RK-2-82,VAN0030-LK-3-383,VAN0031-LK-2-38,VAN0031-LK-3-63,VAN0033-RK-2-66,VAN0034-RK-4-36
622.444,0.03869,0.05936909466981888,0.042408209294080734,0.031655099242925644,0.10084092617034912,0.03969240561127663,0.029079938307404518,0.027585424482822418,0.03178898245096207,0.02093351259827614,0.041235581040382385,0.0212527047842741,0.024656185880303383
650.439,0.07088,0.08235691487789154,0.09924302995204926,0.055871978402137756,0.08720512688159943,0.054309993982315063,0.13908527791500092,0.04281138628721237,0.07771926373243332,0.06153545156121254,0.07762167602777481,0.0611250177025795,0.051025256514549255
650.475,0.10577,0.14909878373146057,0.0746370479464531,0.06561530381441116,0.13695736229419708,0.06270415335893631,0.06532731652259827,0.06452589482069016,0.1843145787715912,0.08192162960767746,0.06985269486904144,0.1360262632369995,0.11598175764083862
675.543,0.04496,0.04945700988173485,0.05875740572810173,0.04169725254178047,0.04073086380958557,0.04231306165456772,0.04351462423801422,0.04089376702904701,0.04518142342567444,0.029805751517415047,0.03189116716384888,0.03694126382470131,0.040211036801338196
678.47,0.03696,0.043933406472206116,0.03972227871417999,0.030105996876955032,0.03559707850217819,0.024621326476335526,0.03845200687646866,0.02505706250667572,0.03269458934664726,0.032056838274002075,0.039612431079149246,0.02409316785633564,0.02673545852303505
682.456,0.01697,0.01940014213323593,0.018058208748698235,0.01603960432112217,0.015775468200445175,0.011055642738938332,0.01146133616566658,0.016944287344813347,0.015655437484383583,0.01581518165767193,0.02172926440834999,0.010715292766690254,0.013866149820387363
697.477,0.01826,0.012640131637454033,0.02428259886801243,0.018516361713409424,0.011249671690165997,0.010968026705086231,0.010657422244548798,0.021268440410494804,0.013876335695385933,0.029941832646727562,0.029338335618376732,0.009094917215406895,0.012105393223464489
701.559,0.04652,0.04791780933737755,0.04749666526913643,0.044864460825920105,0.038183607161045074,0.049354881048202515,0.046616386622190475,0.049099866300821304,0.03712712600827217,0.07493700832128525,0.0713299959897995,0.046415455639362335,0.03607189655303955
703.574,0.07778,0.07495066523551941,0.07538053393363953,0.062126483768224716,0.0572333000600338,0.07393501698970795,0.0930965319275856,0.07622382044792175,0.07150848954916,0.07400289177894592,0.07374847680330276,0.10348252952098846,0.07311198860406876
706.465,0.03151,0.03879090026021004,0.03462626412510872,0.027290906757116318,0.04104657843708992,0.026236390694975853,0.028160834684967995,0.02896971069276333,0.028053876012563705,0.030042152851819992,0.034912049770355225,0.04758352413773537,0.03255016356706619
706.537,0.03744,0.035453543066978455,0.04916618391871452,0.04474689066410065,0.03259031102061272,0.04323180764913559,0.03874555602669716,0.03151579946279526,0.03467264398932457,0.04626630246639252,0.050419922918081284,0.04029073938727379,0.032097600400447845
720.552,0.01877,0.019912026822566986,0.020002512261271477,0.015571406111121178,0.01650463230907917,0.013316435739398003,0.01289396546781063,0.01498037576675415,0.016154462471604347,0.020488599315285683,0.022153962403535843,0.01776445284485817,0.013938017189502716
720.589,0.1346,0.12440823763608932,0.15666422247886658,0.1613868921995163,0.10268402844667435,0.1073380634188652,0.13657967746257782,0.16191749274730682,0.12184276431798935,0.16652904450893402,0.15377525985240936,0.1530250459909439,0.10166704654693604
721.477,0.02444,0.01842045783996582,0.026247039437294006,0.03235580772161484,0.020713338628411293,0.017512191087007523,0.016725309193134308,0.023977039381861687,0.018323125317692757,0.02845323085784912,0.03469561040401459,0.021379830315709114,0.01802952215075493
723.492,0.02855,0.02936379984021187,0.034792348742485046,0.029519425705075264,0.027150994166731834,0.02273593656718731,0.023204566910862923,0.02715230919420719,0.02449808642268181,0.034284211695194244,0.03523705154657364,0.014934508129954338,0.01888384483754635
725.556,0.04824,0.04017352685332298,0.03760841488838196,0.03516960144042969,0.060472890734672546,0.039135146886110306,0.02677355706691742,0.030809840187430382,0.06139441207051277,0.029483240097761154,0.03617685288190842,0.02300197258591652,0.04860765486955643
729.59,0.03558,0.040673088282346725,0.037659477442502975,0.03235943987965584,0.029881348833441734,0.031955741345882416,0.044238507747650146,0.029060423374176025,0.03607051819562912,0.032868750393390656,0.035682324320077896,0.03355942666530609,0.032947637140750885
730.537,0.02548,0.02088385447859764,0.024642448872327805,0.02080603316426277,0.01812017522752285,0.020977789536118507,0.018170960247516632,0.018064500764012337,0.022288670763373375,0.019854111596941948,0.02289390005171299,0.018142174929380417,0.021606869995594025
731.605,0.10007,0.08049772679805756,0.10409196466207504,0.09787449240684509,0.09252406656742096,0.10169214755296707,0.13317464292049408,0.0804496631026268,0.10641197115182877,0.054128218442201614,0.058442555367946625,0.07307600975036621,0.10596123337745667
732.553,0.0321,0.041202738881111145,0.045570071786642075,0.03533589467406273,0.032435692846775055,0.03871534392237663,0.02988019771873951,0.029522249475121498,0.0357135571539402,0.043601762503385544,0.040859851986169815,0.026178469881415367,0.031026948243379593
734.45,0.02718,0.032182980328798294,0.02807443216443062,0.022502141073346138,0.021307503804564476,0.02325482666492462,0.04059193283319473,0.03410784900188446,0.027658017352223396,0.02299857884645462,0.02239934727549553,0.02018824592232704,0.02532455325126648
734.569,0.71647,0.6670270562171936,0.798987090587616,0.7934666872024536,0.5870275497436523,0.6537976861000061,0.7859616279602051,0.7865535616874695,0.732798159122467,1.0539863109588623,0.9585140347480774,0.7013721466064453,0.6669737696647644
739.466,0.01861,0.02049034833908081,0.024487458169460297,0.025036538019776344,0.01859959028661251,0.02904689311981201,0.024687891826033592,0.021499155089259148,0.020874913781881332,0.018305018544197083,0.019221391528844833,0.014374860562384129,0.021565454080700874
741.53,0.05498,0.09946930408477783,0.06282906979322433,0.040842797607183456,0.057908784598112106,0.033158913254737854,0.030241042375564575,0.022707784548401833,0.04972058907151222,0.032558608800172806,0.06397857517004013,0.022840550169348717,0.0483190193772316
742.573,0.05819,0.04601885750889778,0.08883911371231079,0.13290438055992126,0.04570350423455238,0.05015530437231064,0.06334981322288513,0.07365851104259491,0.04272947832942009,0.05933806672692299,0.04725559055805206,0.04254544898867607,0.045186348259449005
744.589,0.06202,0.05079576373100281,0.10384796559810638,0.15135160088539124,0.04010600969195366,0.05362612381577492,0.06375659257173538,0.08038235455751419,0.04554319009184837,0.08072003722190857,0.05957072973251343,0.04284512251615524,0.043903857469558716
745.477,0.02072,0.016474813222885132,0.022005319595336914,0.022268187254667282,0.013807063922286034,0.019982406869530678,0.017599383369088173,0.02513795532286167,0.020302271470427513,0.02886018343269825,0.02787652239203453,0.01615343987941742,0.018423525616526604
746.568,0.01653,0.02121991291642189,0.02027047798037529,0.015664730221033096,0.018652331084012985,0.012526612728834152,0.014152079820632935,0.01395944319665432,0.014435176737606525,0.01890990324318409,0.024374721571803093,0.012713365256786346,0.012382873333990574
746.604,0.09796,0.08234510570764542,0.12524384260177612,0.15491735935211182,0.08590035140514374,0.0944337248802185,0.09366331994533539,0.11577517539262772,0.10465332120656967,0.17796103656291962,0.1536625623703003,0.08189966529607773,0.10062145441770554
747.491,0.02189,0.034651387482881546,0.029496876522898674,0.023762788623571396,0.020689012482762337,0.027986649423837662,0.018212126567959785,0.01907472498714924,0.025699123740196228,0.03657955676317215,0.036350589245557785,0.012358840554952621,0.02229687198996544
748.583,0.04539,0.030977649614214897,0.058308638632297516,0.05430051311850548,0.031464044004678726,0.0464935339987278,0.037288542836904526,0.04434201121330261,0.054212018847465515,0.05502580106258392,0.049469076097011566,0.0319814570248127,0.03922751918435097
749.507,0.01601,0.02132873795926571,0.025187121704220772,0.022156763821840286,0.015056210570037365,0.01190583873540163,0.011796185746788979,0.017261851578950882,0.013471260666847229,0.019684119150042534,0.022425083443522453,0.010100855492055416,0.013917898759245872
753.586,0.06417,0.07771021127700806,0.09508395940065384,0.0736849308013916,0.0770290195941925,0.0883590430021286,0.0761667937040329,0.05558032914996147,0.08202944695949554,0.04561154916882515,0.05283720791339874,0.03740263357758522,0.07619273662567139
756.551,0.03968,0.04066767916083336,0.04454642906785011,0.05053076520562172,0.032382868230342865,0.03521924465894699,0.03536476939916611,0.03990558162331581,0.04049506410956383,0.03843287378549576,0.03898276388645172,0.042628347873687744,0.03526877984404564
757.621,0.09566,0.09847220778465271,0.16224829852581024,0.1588309109210968,0.06771252304315567,0.12275448441505432,0.12649929523468018,0.10092868655920029,0.09512021392583847,0.09799574315547943,0.09946765005588531,0.06873033195734024,0.1109049990773201
758.569,0.15836,0.14589175581932068,0.18609096109867096,0.1758408397436142,0.1410035789012909,0.12172029912471771,0.14787183701992035,0.17591853439807892,0.18870368599891663,0.2377438247203827,0.2091366946697235,0.12214532494544983,0.15799212455749512
759.637,0.19674,0.12340818345546722,0.2921622097492218,0.3212360143661499,0.10231360793113708,0.19376957416534424,0.20000022649765015,0.17575703561306,0.1549886167049408,0.16895586252212524,0.13051530718803406,0.07736869156360626,0.1792266070842743
760.584,0.09984,0.16799969971179962,0.17783503234386444,0.10547339916229248,0.1218598335981369,0.12028586119413376,0.09705429524183273,0.06473107635974884,0.09931257367134094,0.08024513721466064,0.10056091845035553,0.03914213553071022,0.09320438653230667
766.573,0.05461,0.04136637970805168,0.06950461864471436,0.09882354736328125,0.041126642376184464,0.04681633785367012,0.05105966329574585,0.06735461950302124,0.05255250260233879,0.08240444958209991,0.07751636207103729,0.036049652844667435,0.05382296070456505
768.587,0.04515,0.032626956701278687,0.0631476566195488,0.08097033202648163,0.021152446046471596,0.02800847217440605,0.038509953767061234,0.05257111042737961,0.03247924521565437,0.06447960436344147,0.05464122071862221,0.02110258862376213,0.032317712903022766
769.56,0.03862,0.05005999654531479,0.06574820727109909,0.039781175553798676,0.044958293437957764,0.040295399725437164,0.049525972455739975,0.03863513469696045,0.044542476534843445,0.03041081316769123,0.04594400152564049,0.026104984804987907,0.05171465128660202
772.524,0.06999,0.03485958278179169,0.1223338395357132,0.1003808081150055,0.03394348919391632,0.11514803022146225,0.1344420164823532,0.06912970542907715,0.07198761403560638,0.053243670612573624,0.05576982721686363,0.034828417003154755,0.0749860405921936
772.584,0.03163,0.03848809376358986,0.02861405722796917,0.02832675538957119,0.03055603802204132,0.034984808415174484,0.03116944059729576,0.02451719529926777,0.036030113697052,0.026173090562224388,0.029532473534345627,0.029386218637228012,0.04066319763660431
774.564,0.03743,0.0852062851190567,0.08371659368276596,0.03005230240523815,0.07051972299814224,0.03126029297709465,0.040078043937683105,0.02687661722302437,0.036505430936813354,0.021746749058365822,0.03287579119205475,0.021602552384138107,0.033679671585559845
774.599,0.0375,0.04593437537550926,0.037670329213142395,0.03766827657818794,0.03605470806360245,0.031054163351655006,0.026838310062885284,0.027904819697141647,0.035341788083314896,0.033164627850055695,0.040372513234615326,0.026923419907689095,0.03247622027993202
778.512,0.02639,0.03305891156196594,0.034125275909900665,0.022701546549797058,0.02844175137579441,0.02731751650571823,0.0336129404604435,0.018766086548566818,0.042651496827602386,0.022130291908979416,0.026453129947185516,0.018385611474514008,0.01808294467628002
780.551,0.09503,0.1532175987958908,0.1530531793832779,0.08728418499231339,0.15969403088092804,0.09336196631193161,0.08052483201026917,0.05967653915286064,0.20503240823745728,0.0564439557492733,0.06996279209852219,0.04122624918818474,0.11640184372663498
782.568,0.13642,0.20174524188041687,0.19989535212516785,0.11662116646766663,0.1848808377981186,0.16127115488052368,0.09434136748313904,0.09215308725833893,0.16867539286613464,0.06451800465583801,0.11596358567476273,0.06060291454195976,0.18456204235553741
784.583,0.06796,0.06626337766647339,0.08177413791418076,0.0970960482954979,0.05410667136311531,0.06605032086372375,0.07109211385250092,0.07763062417507172,0.05766673386096954,0.12030640244483948,0.11841180920600891,0.04931357875466347,0.05232640355825424
785.652,0.15228,0.19179101288318634,0.19866035878658295,0.1855970323085785,0.19381120800971985,0.20307885110378265,0.19917821884155273,0.1667850762605667,0.19988968968391418,0.14642298221588135,0.1532350778579712,0.22499419748783112,0.203374445438385
786.599,0.05779,0.06426577270030975,0.057999830693006516,0.049008868634700775,0.07421476393938065,0.07020539790391922,0.049676209688186646,0.05840221419930458,0.07765943557024002,0.04219689965248108,0.07482324540615082,0.03368614986538887,0.14186479151248932
787.668,0.0646,0.08628076314926147,0.10235050320625305,0.0812501609325409,0.08473658561706543,0.051182400435209274,0.07056942582130432,0.062261808663606644,0.056400787085294724,0.05177244171500206,0.0733199492096901,0.040733449161052704,0.06318097561597824
790.512,0.06633,0.11164028942584991,0.06692695617675781,0.059187062084674835,0.06444200873374939,0.06825084239244461,0.07757481932640076,0.09300554543733597,0.05829855427145958,0.057038359344005585,0.054660581052303314,0.04720393568277359,0.043780576437711716
796.525,0.07225,0.1073487177491188,0.08299519121646881,0.06543078273534775,0.06720800697803497,0.03474971652030945,0.036667175590991974,0.04085317999124527,0.06099219620227814,0.06845785677433014,0.1107347160577774,0.028912803158164024,0.05528444051742554
796.583,0.01839,0.022119900211691856,0.022616248577833176,0.020755566656589508,0.019765915349125862,0.015458150766789913,0.01735040172934532,0.01721593551337719,0.01776820234954357,0.02165847271680832,0.02854866534471512,0.012517289258539677,0.017511559650301933
798.539,0.05691,0.10810110718011856,0.08491656929254532,0.055643826723098755,0.07320579886436462,0.03557931259274483,0.030670369043946266,0.03474467620253563,0.05618901178240776,0.0485689751803875,0.08609320968389511,0.02868201956152916,0.04966746270656586
804.55,0.05285,0.057341642677783966,0.05174493417143822,0.04395666345953941,0.05098500847816467,0.0632186233997345,0.029155105352401733,0.03875778615474701,0.06724104285240173,0.03024986758828163,0.0380227267742157,0.023529380559921265,0.06595733761787415
806.566,0.08705,0.1051102727651596,0.10973083972930908,0.10598763823509216,0.08774984627962112,0.11096137017011642,0.09209316968917847,0.07880355417728424,0.11725185811519623,0.0991494432091713,0.11116324365139008,0.05327961966395378,0.10389617830514908
808.582,0.02451,0.033691395074129105,0.033724069595336914,0.024973459541797638,0.026346512138843536,0.024229219183325768,0.02055511809885502,0.021665889769792557,0.033674005419015884,0.028112798929214478,0.0422992929816246,0.01902342401444912,0.03159213066101074
809.65,0.05714,0.06291219592094421,0.06198153644800186,0.04900782182812691,0.05789727345108986,0.04389306157827377,0.055908218026161194,0.0414082296192646,0.07753302901983261,0.0433359295129776,0.05589147284626961,0.035372670739889145,0.06983228772878647
810.599,0.09913,0.11392457038164139,0.09173177927732468,0.08853114396333694,0.09457788616418839,0.06977733224630356,0.06853624433279037,0.07695390284061432,0.08690427243709564,0.14450819790363312,0.17212732136249542,0.0917564108967781,0.13238167762756348
811.667,0.3175,0.38901057839393616,0.4754496216773987,0.40804585814476013,0.3606514632701874,0.4583997130393982,0.3714243173599243,0.3056422770023346,0.3735513985157013,0.2731897234916687,0.29767173528671265,0.3479664623737335,0.3543221652507782
813.683,1.08571,1.0372895002365112,1.4872761964797974,1.1725808382034302,0.8665004372596741,1.2550767660140991,0.9695890545845032,0.7225779294967651,0.9759066104888916,0.5306695699691772,0.6151695847511292,0.4470357894897461,0.979684591293335
815.698,0.0534,0.10027103126049042,0.09337421506643295,0.08000078052282333,0.07714974880218506,0.05285773053765297,0.04142607003450394,0.04857145994901657,0.05091723054647446,0.06469253450632095,0.08867990225553513,0.0354117825627327,0.0500941276550293
816.527,0.02546,0.045006513595581055,0.042885586619377136,0.029534390196204185,0.0340547114610672,0.030599812045693398,0.026042265817523003,0.02265835553407669,0.02682843990623951,0.023153210058808327,0.027437156066298485,0.013313795439898968,0.036242205649614334
818.543,0.05193,0.04898520186543465,0.0687340497970581,0.06021710857748985,0.029924023896455765,0.036391567438840866,0.05539589375257492,0.08700092136859894,0.04946789890527725,0.050065476447343826,0.04169953241944313,0.02581113949418068,0.03961765766143799
820.524,0.03245,0.05311550945043564,0.044499337673187256,0.027835940942168236,0.04601520299911499,0.019478026777505875,0.019366003572940826,0.02141192927956581,0.027154089882969856,0.028769657015800476,0.048843786120414734,0.01611039787530899,0.0279378741979599
822.538,0.03201,0.05876632034778595,0.043009012937545776,0.030137212947010994,0.04439341649413109,0.017299290746450424,0.01736290007829666,0.019203392788767815,0.022238772362470627,0.030148997902870178,0.04729759320616722,0.013034316711127758,0.020359285175800323
824.555,0.0265,0.03259550780057907,0.033523332327604294,0.02596895396709442,0.03351658955216408,0.03437891602516174,0.024895697832107544,0.02610546536743641,0.02522144839167595,0.027918534353375435,0.03558873012661934,0.017544720321893692,0.027431361377239227
830.552,0.01882,0.016197096556425095,0.01564718969166279,0.01594703644514084,0.011962932534515858,0.012956568971276283,0.015360497869551182,0.01673092134296894,0.018148265779018402,0.014362393878400326,0.01681266352534294,0.015101722441613674,0.017552945762872696
832.581,0.02017,0.02966134250164032,0.029757151380181313,0.022426867857575417,0.02332625724375248,0.014831406064331532,0.012153781950473785,0.017668988555669785,0.017838863655924797,0.03199807554483414,0.033951565623283386,0.012434897944331169,0.018573669716715813
835.665,0.08294,0.09646077454090118,0.13054974377155304,0.09971221536397934,0.0802840068936348,0.0940202996134758,0.07293124496936798,0.06689104437828064,0.09081216156482697,0.07445644587278366,0.10244061797857285,0.03040776029229164,0.07636281102895737
837.68,0.03127,0.04624270647764206,0.04126272350549698,0.03871661797165871,0.040878698229789734,0.043752893805503845,0.03990142047405243,0.03207860141992569,0.0556865930557251,0.030202338472008705,0.03545745089650154,0.027875475585460663,0.05154679715633392
843.611,0.03405,0.023622745648026466,0.027212360873818398,0.027244744822382927,0.04114430397748947,0.02934189885854721,0.030864756554365158,0.040915198624134064,0.03343522921204567,0.026678316295146942,0.02673850767314434,0.01855023205280304,0.03898467868566513
845.672,0.04043,0.046557847410440445,0.04069900140166283,0.04374818503856659,0.03663234785199165,0.04030556604266167,0.034265901893377304,0.02933705784380436,0.038262851536273956,0.03342335298657417,0.04269721731543541,0.039193615317344666,0.03684838488698006
848.555,0.02604,0.020160572603344917,0.026831531897187233,0.026268741115927696,0.017598703503608704,0.02186884731054306,0.02346375770866871,0.021737437695264816,0.023841870948672295,0.025101767852902412,0.03077426739037037,0.015471165999770164,0.023131757974624634
851.639,0.03466,0.05754343047738075,0.0700865387916565,0.049387622624635696,0.03909244388341904,0.04677293449640274,0.04048144817352295,0.032104287296533585,0.04278957098722458,0.04062466695904732,0.06044238433241844,0.026415621861815453,0.03815648704767227
853.653,0.0268,0.04099616780877113,0.037655334919691086,0.019439183175563812,0.03162575140595436,0.015753161162137985,0.01697506196796894,0.016303498297929764,0.016211388632655144,0.016542261466383934,0.02338230051100254,0.01296992041170597,0.01521847490221262
867.657,0.02015,0.027003368362784386,0.02249961905181408,0.019834982231259346,0.032325733453035355,0.017809748649597168,0.017733123153448105,0.019061412662267685,0.02104330249130726,0.017292317003011703,0.022151317447423935,0.021148530766367912,0.018129771575331688
894.597,0.10268,0.1173316091299057,0.08082019537687302,0.07431816309690475,0.07221538573503494,0.11695205420255661,0.13115628063678741,0.11958864331245422,0.07850231975317001,0.07213754951953888,0.06423040479421616,0.20449477434158325,0.06804146617650986
910.57,0.06121,0.06281253695487976,0.044127870351076126,0.04820586368441582,0.043229397386312485,0.08560515940189362,0.07488691061735153,0.06800013035535812,0.04206283017992973,0.036457378417253494,0.03793463483452797,0.0844591036438942,0.04345577582716942
914.636,0.01753,0.01843620464205742,0.016575630754232407,0.014920003712177277,0.016506057232618332,0.014294901862740517,0.01344555988907814,0.016623605042696,0.016172531992197037,0.013332195580005646,0.016400063410401344,0.010660036467015743,0.016059473156929016
916.579,0.0309,0.03556378185749054,0.035938940942287445,0.03796974942088127,0.018171217292547226,0.03493723273277283,0.03745943307876587,0.04263613000512123,0.02990763448178768,0.0436764694750309,0.033113036304712296,0.039904601871967316,0.023183777928352356
916.651,0.0203,0.02775046043097973,0.029858382418751717,0.02417554147541523,0.018949393182992935,0.020655399188399315,0.019515657797455788,0.01889892853796482,0.019500771537423134,0.021043680608272552,0.02162349782884121,0.013651113025844097,0.016819879412651062
932.553,0.02132,0.02625325508415699,0.02547690086066723,0.023730602115392685,0.017352795228362083,0.021972190588712692,0.019474051892757416,0.04827447235584259,0.018989622592926025,0.01857263222336769,0.02640911377966404,0.0126195652410388,0.013646895065903664
941.635,0.02101,0.03927621245384216,0.03332911804318428,0.02141343243420124,0.034104425460100174,0.019824152812361717,0.026480691507458687,0.020353203639388084,0.023653872311115265,0.016856759786605835,0.025323212146759033,0.014778968878090382,0.023040570318698883
943.65,0.02205,0.020840618759393692,0.019875437021255493,0.01945149339735508,0.021510077640414238,0.019012223929166794,0.019693829119205475,0.01965903490781784,0.023217931389808655,0.019566096365451813,0.0224350206553936,0.015972580760717392,0.021926451474428177
