m/z value,Total,VAN0010-LK-152-8,VAN0012-RK-102-164,VAN0012-RK-102-167,VAN0013-LK-203-8,VAN0016-LK-203-68,VAN0028-LK-4-8,VAN0029-RK-2-82,VAN0030-LK-3-383,VAN0031-LK-2-38,VAN0031-LK-3-63,VAN0033-RK-2-66,VAN0034-RK-4-36
622.444,0.09561,0.11639050394296646,0.09628041088581085,0.08878296613693237,0.18886549770832062,0.09963979572057724,0.07387258112430573,0.09078196436166763,0.06544124335050583,0.08849310129880905,0.10918780416250229,0.07253887504339218,0.06960391253232956
650.439,0.11235,0.075005903840065,0.10392790287733078,0.10366223007440567,0.215032160282135,0.05908003821969032,0.23349310457706451,0.059336088597774506,0.07416033744812012,0.12484289705753326,0.15185114741325378,0.061668530106544495,0.05557411536574364
650.475,0.18085,0.3317602872848511,0.22356176376342773,0.13532039523124695,0.2228623330593109,0.095448337495327,0.09925248473882675,0.16160546243190765,0.1873127967119217,0.19275453686714172,0.1786949336528778,0.1403745710849762,0.16853132843971252
675.543,0.11594,0.1488812267780304,0.18763400614261627,0.15461347997188568,0.10877138376235962,0.12006513774394989,0.09609232097864151,0.11427811533212662,0.0993075743317604,0.1047542467713356,0.11968600749969482,0.06518719345331192,0.09278620779514313
678.47,0.07331,0.08363297581672668,0.07727519422769547,0.06914089620113373,0.14251525700092316,0.05431513860821724,0.06426704674959183,0.052389491349458694,0.08161325007677078,0.07474155724048615,0.11170075088739395,0.03652839735150337,0.06315138190984726
682.456,0.05874,0.09835612773895264,0.03141032159328461,0.029115796089172363,0.07280813157558441,0.059363506734371185,0.04309925064444542,0.025489328429102898,0.09922633320093155,0.032490942627191544,0.04233141615986824,0.06426765769720078,0.08657597005367279
697.477,0.08586,0.1098874881863594,0.06562375277280807,0.0534292608499527,0.11899563670158386,0.09659142792224884,0.08712083101272583,0.04460250213742256,0.1346423327922821,0.05070452764630318,0.04647308960556984,0.09756287932395935,0.09587416052818298
701.559,0.13838,0.1302625685930252,0.16554200649261475,0.12454832345247269,0.13223712146282196,0.1311664879322052,0.12058734148740768,0.12976936995983124,0.16500511765480042,0.09842517971992493,0.1038864478468895,0.09498446434736252,0.13791708648204803
703.574,0.13792,0.13377773761749268,0.12125419825315475,0.14154969155788422,0.10361091047525406,0.17431679368019104,0.1279507279396057,0.08538114279508591,0.1206316277384758,0.16039487719535828,0.1270805150270462,0.12032144516706467,0.1366659551858902
706.465,0.07088,0.08203128725290298,0.05894859507679939,0.049867041409015656,0.12088414281606674,0.04882700368762016,0.04910704493522644,0.08123103529214859,0.042909301817417145,0.11856406182050705,0.09380969405174255,0.09187231957912445,0.05713478475809097
706.537,0.08619,0.07225797325372696,0.09207829087972641,0.09452687948942184,0.07049102336168289,0.11938992887735367,0.08181078732013702,0.0703246146440506,0.0972769558429718,0.06656448543071747,0.07702900469303131,0.07679413259029388,0.06655251979827881
720.552,0.06723,0.09006353467702866,0.08175414800643921,0.06526035815477371,0.08042678982019424,0.06686261296272278,0.07345008850097656,0.06927130371332169,0.0698908269405365,0.06885170936584473,0.06955919414758682,0.07563753426074982,0.060533057898283005
720.589,0.07753,0.09265304356813431,0.0699690580368042,0.06303134560585022,0.10692426562309265,0.06567138433456421,0.06941281259059906,0.06960050016641617,0.06607162207365036,0.06478991359472275,0.08685413002967834,0.09611786156892776,0.06393282115459442
721.477,0.04737,0.05363317206501961,0.033744197338819504,0.028056124225258827,0.046782489866018295,0.04168521240353584,0.037997737526893616,0.022799132391810417,0.08033481240272522,0.030643820762634277,0.033500637859106064,0.03626048564910889,0.05820794776082039
723.492,0.05645,0.0745469182729721,0.04291738197207451,0.030121253803372383,0.0672086700797081,0.04885193705558777,0.03909504786133766,0.030949559062719345,0.09426429867744446,0.028472991660237312,0.030058665201067924,0.04561077803373337,0.06538886576890945
725.556,0.06205,0.07350673526525497,0.05058964341878891,0.03928343951702118,0.06138089299201965,0.049531932920217514,0.04683797433972359,0.03853591904044151,0.10407456755638123,0.03141988813877106,0.0479043684899807,0.032485637813806534,0.06347263604402542
729.59,0.08508,0.09794445335865021,0.10123933106660843,0.07971937954425812,0.07836957275867462,0.09158463031053543,0.09001564234495163,0.07454148679971695,0.097862109541893,0.06658393889665604,0.08217170834541321,0.06979523599147797,0.09322728961706161
730.537,0.12418,0.11022479832172394,0.1558743119239807,0.14286701381206512,0.11280138045549393,0.1719360202550888,0.11407173424959183,0.10356791317462921,0.13888928294181824,0.10648559778928757,0.11567310988903046,0.0972844809293747,0.11373525857925415
731.605,0.16998,0.1661684662103653,0.16137994825839996,0.1511138528585434,0.20597155392169952,0.1715310961008072,0.1947537213563919,0.2688262164592743,0.18511846661567688,0.12868455052375793,0.13888636231422424,0.1649785041809082,0.17470866441726685
732.553,0.13931,0.1139921024441719,0.15569157898426056,0.12441932410001755,0.11656227707862854,0.23652395606040955,0.1239069327712059,0.15008310973644257,0.1900860071182251,0.07983403652906418,0.09954212605953217,0.08583942800760269,0.09444265067577362
734.45,0.05308,0.0772896334528923,0.050999924540519714,0.050812263041734695,0.06269899010658264,0.052486807107925415,0.08939886838197708,0.09167885780334473,0.04733902961015701,0.04625914618372917,0.052579235285520554,0.03491169959306717,0.04365669935941696
734.569,0.2844,0.26482120156288147,0.3227749466896057,0.3274211287498474,0.24306166172027588,0.31342074275016785,0.3151605725288391,0.27911630272865295,0.2935788929462433,0.27449363470077515,0.25874602794647217,0.20226292312145233,0.30590859055519104
739.466,0.05222,0.08967361599206924,0.0647975355386734,0.04370340704917908,0.07676059752702713,0.04471319168806076,0.03752003237605095,0.04246760532259941,0.07108445465564728,0.04175587743520737,0.06335564702749252,0.05306108295917511,0.06717495620250702
741.53,0.08647,0.1920725554227829,0.14078448712825775,0.06581617146730423,0.12871713936328888,0.06660953164100647,0.050759658217430115,0.0358920656144619,0.07346779108047485,0.03823535516858101,0.12032222002744675,0.04600287973880768,0.08171233534812927
742.573,0.15142,0.09621687978506088,0.18800441920757294,0.2671072781085968,0.13298220932483673,0.12873098254203796,0.16902098059654236,0.17247894406318665,0.11846835166215897,0.14826558530330658,0.12384428828954697,0.11650907248258591,0.12039760500192642
744.589,0.16344,0.10748883336782455,0.2157813161611557,0.2799961566925049,0.11829785257577896,0.15066492557525635,0.17326216399669647,0.18638795614242554,0.13735723495483398,0.14949893951416016,0.13380715250968933,0.11322539299726486,0.1387437880039215
745.477,0.07769,0.06857744604349136,0.04451612010598183,0.051874276250600815,0.06298317760229111,0.07421980053186417,0.05680163949728012,0.0348021425306797,0.11018233001232147,0.04677411541342735,0.06447897106409073,0.05611303821206093,0.08345087617635727
746.568,0.09692,0.11301679909229279,0.10480616986751556,0.09883983433246613,0.10527399927377701,0.10232037305831909,0.08508829027414322,0.10601850599050522,0.09279878437519073,0.07120184600353241,0.08968636393547058,0.06218840926885605,0.09201960265636444
746.604,0.13312,0.11004380881786346,0.14781172573566437,0.18095698952674866,0.1167038232088089,0.1326407790184021,0.13117824494838715,0.13617563247680664,0.12857010960578918,0.17452965676784515,0.12116475403308868,0.12073574960231781,0.13957922160625458
747.491,0.07948,0.08643531799316406,0.05257116258144379,0.05086979269981384,0.0749315544962883,0.07882200926542282,0.07681746035814285,0.034404072910547256,0.11741737276315689,0.07612643390893936,0.06624920666217804,0.06783416122198105,0.08684100955724716
748.583,0.1038,0.09863514453172684,0.10781852900981903,0.10273777693510056,0.09506183117628098,0.10423311591148376,0.09453072398900986,0.09061220288276672,0.09949652850627899,0.0989527776837349,0.08833587914705276,0.0843372717499733,0.09039787203073502
749.507,0.07287,0.07005449384450912,0.03706471621990204,0.034461211413145065,0.08077531307935715,0.07164432108402252,0.0713135227560997,0.04224297031760216,0.1153070479631424,0.035596512258052826,0.04178057983517647,0.07864058017730713,0.11241155862808228
753.586,0.07774,0.05738867074251175,0.0775831788778305,0.0713534876704216,0.05227725952863693,0.08461399376392365,0.07975002378225327,0.0595603846013546,0.10487227141857147,0.06525329500436783,0.06870942562818527,0.03589168190956116,0.09210345894098282
756.551,0.05164,0.05717507377266884,0.06028187274932861,0.060440778732299805,0.04812321811914444,0.041453443467617035,0.04953433945775032,0.05619850009679794,0.03988960012793541,0.09591839462518692,0.08984363824129105,0.05352050065994263,0.036310117691755295
757.621,0.1655,0.12564121186733246,0.2479526847600937,0.21741144359111786,0.11978546530008316,0.2169792652130127,0.20050671696662903,0.13501083850860596,0.1767837107181549,0.10933642089366913,0.10021256655454636,0.07754144072532654,0.16510561108589172
758.569,0.06452,0.06469977647066116,0.06252975016832352,0.0656033605337143,0.06270074099302292,0.06301739066839218,0.05749683454632759,0.05756622925400734,0.05980314314365387,0.07046133279800415,0.06770045310258865,0.060974057763814926,0.05586053803563118
759.637,0.30783,0.15998771786689758,0.576420247554779,0.6121495366096497,0.14479319751262665,0.31641829013824463,0.39704638719558716,0.27685004472732544,0.2436642348766327,0.25468719005584717,0.20619995892047882,0.09131917357444763,0.3089430332183838
760.584,0.36519,0.4303121864795685,0.39925166964530945,0.3457651138305664,0.47449740767478943,0.36199817061424255,0.36900535225868225,0.4256449043750763,0.395321249961853,0.2938787043094635,0.36480292677879333,0.35749974846839905,0.46735748648643494
766.573,0.12974,0.08935997635126114,0.17495688796043396,0.23176684975624084,0.08567289263010025,0.0877818912267685,0.1290828436613083,0.18110224604606628,0.0864347442984581,0.1626387983560562,0.1620538830757141,0.0967777669429779,0.08292713016271591
768.587,0.14103,0.10780996084213257,0.22169429063796997,0.287221759557724,0.09900058805942535,0.09864536672830582,0.1310735046863556,0.17012709379196167,0.09354013949632645,0.1743493378162384,0.16572117805480957,0.10147303342819214,0.1059001162648201
769.56,0.11258,0.13081428408622742,0.12531158328056335,0.11466224491596222,0.10786637663841248,0.10849830508232117,0.11287705600261688,0.09276536852121353,0.09552537649869919,0.09189615398645401,0.12100130319595337,0.07645456492900848,0.10808095335960388
772.524,0.08663,0.098429374396801,0.1298207938671112,0.0855853408575058,0.11214842647314072,0.11380741745233536,0.09833918511867523,0.058596011251211166,0.09455332905054092,0.05033726245164871,0.07971365749835968,0.05711336433887482,0.08845970779657364
772.584,0.07871,0.09174665808677673,0.09256948530673981,0.07205277681350708,0.07476719468832016,0.058565136045217514,0.07593607157468796,0.08879485726356506,0.07181176543235779,0.07498648762702942,0.07586898654699326,0.0692802146077156,0.08983566612005234
774.564,0.10312,0.07201068848371506,0.11701446026563644,0.08500849455595016,0.08318909257650375,0.10992129892110825,0.10219103842973709,0.1041167750954628,0.09815644472837448,0.08171266317367554,0.07752109318971634,0.08491429686546326,0.08954845368862152
774.599,0.25409,0.3242586553096771,0.2212458848953247,0.18477536737918854,0.24289774894714355,0.2086704820394516,0.17452017962932587,0.2388162612915039,0.21609096229076385,0.1682509481906891,0.21843373775482178,0.22218231856822968,0.25427213311195374
778.512,0.08393,0.10919404029846191,0.09139515459537506,0.08586055040359497,0.12988026440143585,0.0852038562297821,0.11473865061998367,0.060778651386499405,0.08724312484264374,0.1208912581205368,0.13122454285621643,0.06671424210071564,0.058819759637117386
780.551,0.06239,0.07856390625238419,0.07866686582565308,0.06332451105117798,0.06641849875450134,0.059472713619470596,0.04933412745594978,0.043257541954517365,0.1279997080564499,0.054958537220954895,0.06130707263946533,0.0321904681622982,0.07672159373760223
782.568,0.06186,0.08717420697212219,0.04542137682437897,0.04874091222882271,0.05007688328623772,0.061013150960206985,0.058908820152282715,0.04359038546681404,0.05808814987540245,0.051649145781993866,0.053806450217962265,0.036751002073287964,0.06379499286413193
784.583,0.16356,0.21442270278930664,0.20949499309062958,0.19030258059501648,0.14432445168495178,0.1614200472831726,0.10205023735761642,0.16946344077587128,0.13594204187393188,0.3717799186706543,0.3752489387989044,0.17490604519844055,0.16068029403686523
785.652,0.13066,0.10868122428655624,0.18762679398059845,0.15334056317806244,0.10186254233121872,0.15710687637329102,0.12613065540790558,0.10937973856925964,0.1295352578163147,0.08564715832471848,0.0802723690867424,0.07950488477945328,0.12684881687164307
786.599,0.10995,0.09125778824090958,0.11165107786655426,0.10898873955011368,0.07908138632774353,0.13703212141990662,0.09065008163452148,0.09996353089809418,0.12497032433748245,0.1249125525355339,0.13875938951969147,0.05746334046125412,0.14710482954978943
787.668,0.15884,0.23093073070049286,0.19579589366912842,0.16178464889526367,0.14762306213378906,0.20105071365833282,0.1470983624458313,0.15816642343997955,0.1747744381427765,0.13612757623195648,0.13259726762771606,0.12345679849386215,0.13699527084827423
790.512,0.10476,0.17064429819583893,0.08780572563409805,0.10581690073013306,0.060454536229372025,0.13815781474113464,0.0698513314127922,0.1576845794916153,0.08336515724658966,0.16214832663536072,0.15586033463478088,0.06259598582983017,0.07637735456228256
796.525,0.03759,0.06454380601644516,0.05039811506867409,0.040002938359975815,0.04807714745402336,0.032388899475336075,0.027915610000491142,0.03802439942955971,0.041933316737413406,0.04614342004060745,0.054048530757427216,0.026137201115489006,0.03680339455604553
796.583,0.11898,0.1559329330921173,0.17148099839687347,0.13879477977752686,0.1378561407327652,0.16128437221050262,0.12231959402561188,0.13420312106609344,0.09652277827262878,0.11644333600997925,0.14161038398742676,0.10911005735397339,0.12474711239337921
798.539,0.09992,0.10135887563228607,0.0900723934173584,0.07591597735881805,0.11604980379343033,0.071755051612854,0.07978823781013489,0.0881296843290329,0.07742230594158173,0.08678846061229706,0.09908842295408249,0.07715737819671631,0.07056072354316711
804.55,0.04973,0.05215217173099518,0.056367795914411545,0.07376673817634583,0.0453006848692894,0.05986599996685982,0.05244084447622299,0.06012896075844765,0.06954764574766159,0.04500351846218109,0.0539708249270916,0.05148565396666527,0.06563521921634674
806.566,0.06915,0.07841600477695465,0.07438058406114578,0.07557361572980881,0.09990551322698593,0.05419320613145828,0.0602651871740818,0.08603140711784363,0.06007196009159088,0.08121687918901443,0.09313734620809555,0.09692589193582535,0.07029101252555847
808.582,0.05344,0.046693768352270126,0.0454300157725811,0.045881807804107666,0.04064500704407692,0.042687684297561646,0.03570425882935524,0.04335010424256325,0.07056979089975357,0.051820043474435806,0.052508022636175156,0.05087457597255707,0.05820272117853165
809.65,0.08653,0.05875996872782707,0.07335539907217026,0.09021309018135071,0.07266825437545776,0.06593659520149231,0.10910015553236008,0.05860280618071556,0.12222733348608017,0.06886615604162216,0.07944999635219574,0.05540876090526581,0.09500522911548615
810.599,0.07073,0.05890839174389839,0.08362721651792526,0.08765149116516113,0.05054880306124687,0.07809514552354813,0.07653417438268661,0.07187645882368088,0.07910614460706711,0.07932012528181076,0.0892532467842102,0.03153099864721298,0.06484298408031464
811.667,0.13861,0.10337191820144653,0.13069181144237518,0.11832524836063385,0.09492616355419159,0.17184066772460938,0.10614816099405289,0.08994375169277191,0.11455180495977402,0.07682546228170395,0.07088755816221237,0.15014180541038513,0.10312879830598831
813.683,0.11438,0.13068687915802002,0.09225990623235703,0.10842180252075195,0.14624527096748352,0.11373300105333328,0.12092434614896774,0.13090991973876953,0.13621588051319122,0.11395891010761261,0.1396712064743042,0.16665275394916534,0.1453162282705307
815.698,0.12163,0.10961294919252396,0.10316034406423569,0.09332673996686935,0.09147440642118454,0.12503577768802643,0.12108324468135834,0.10938531160354614,0.15475726127624512,0.0860130786895752,0.07575000822544098,0.08908957242965698,0.13565728068351746
816.527,0.09295,0.07837136089801788,0.13366645574569702,0.09139858931303024,0.07378679513931274,0.10746695101261139,0.0696679949760437,0.07983064651489258,0.0677856057882309,0.09507109224796295,0.08811838924884796,0.06886383146047592,0.08543680608272552
818.543,0.07053,0.08007418364286423,0.0697626993060112,0.08480152487754822,0.06690576672554016,0.07047168910503387,0.07020748406648636,0.07409827411174774,0.07539882510900497,0.06743601709604263,0.0662115141749382,0.05397576466202736,0.08549333363771439
820.524,0.07222,0.07726021111011505,0.08667777478694916,0.10679154843091965,0.05993293970823288,0.07359246164560318,0.08746054768562317,0.08007898926734924,0.08842677623033524,0.05791037902235985,0.07168781012296677,0.06467297673225403,0.0888390988111496
822.538,0.054,0.05730156600475311,0.06742080301046371,0.06282231211662292,0.04498258978128433,0.07009348273277283,0.04865965619683266,0.049616243690252304,0.04113512113690376,0.0706559419631958,0.0636371523141861,0.04811200499534607,0.042824555188417435
824.555,0.05623,0.06360244005918503,0.06880063563585281,0.06635605543851852,0.05045849829912186,0.09740178287029266,0.04097077250480652,0.04573877528309822,0.04461679235100746,0.04870155081152916,0.05919400230050087,0.03367096558213234,0.043037138879299164
830.552,0.072,0.054125022143125534,0.09230495244264603,0.08686702698469162,0.07723865658044815,0.06395123898983002,0.07419120520353317,0.08786879479885101,0.06808680295944214,0.07390059530735016,0.09803806245326996,0.08371663093566895,0.0631464496254921
832.581,0.05979,0.05866658687591553,0.05118709057569504,0.041851695626974106,0.04421122744679451,0.06776101142168045,0.045252230018377304,0.04542848840355873,0.07125118374824524,0.040750790387392044,0.052328530699014664,0.04540884867310524,0.08554492890834808
835.665,0.07166,0.05034943297505379,0.10753598064184189,0.09910589456558228,0.045650821179151535,0.09977328777313232,0.0675995871424675,0.0650101825594902,0.09152372181415558,0.06044131517410278,0.06825702637434006,0.031233850866556168,0.06923086941242218
837.68,0.05547,0.07199329137802124,0.06271491199731827,0.051559336483478546,0.054841548204422,0.05713943392038345,0.05513451248407364,0.04363500326871872,0.08737090229988098,0.05414609611034393,0.059131354093551636,0.04198512062430382,0.060062989592552185
843.611,0.08104,0.07926619052886963,0.06664266437292099,0.05676740035414696,0.09472537785768509,0.0637078508734703,0.05948415771126747,0.14487497508525848,0.07078471779823303,0.10021844506263733,0.08398917317390442,0.06436650454998016,0.10625780373811722
845.672,0.06089,0.06761911511421204,0.09383157640695572,0.0798938125371933,0.06484668701887131,0.0472518615424633,0.05093153938651085,0.05975857749581337,0.04597026854753494,0.06060335785150528,0.06670521199703217,0.04143629968166351,0.05417326092720032
848.555,0.08262,0.10160234570503235,0.08825968950986862,0.06951496750116348,0.08923621475696564,0.08253692835569382,0.07514302432537079,0.07107627391815186,0.06819698214530945,0.058257486671209335,0.09374915063381195,0.0921446830034256,0.08564718067646027
851.639,0.07245,0.06671586632728577,0.1045360341668129,0.10285621136426926,0.0603317953646183,0.07685615122318268,0.06639774143695831,0.06971392780542374,0.0660148337483406,0.08013243228197098,0.08585625141859055,0.04338192567229271,0.06626792252063751
853.653,0.07049,0.1117408275604248,0.0923246517777443,0.06302305310964584,0.08332505077123642,0.043090321123600006,0.044304583221673965,0.05322941765189171,0.05305790901184082,0.08821982890367508,0.11467187106609344,0.05486263334751129,0.06077021360397339
867.657,0.09841,0.11426705867052078,0.10818084329366684,0.11148884892463684,0.10664191097021103,0.09408818930387497,0.097065269947052,0.09978362172842026,0.09578243643045425,0.09428490698337555,0.1125466525554657,0.11092504113912582,0.10020031034946442
894.597,0.09081,0.13791786134243011,0.05652637034654617,0.07731523364782333,0.053111784160137177,0.06332265585660934,0.07246953994035721,0.06476831436157227,0.0871773362159729,0.09435246139764786,0.07078231126070023,0.3042067885398865,0.05116049945354462
910.57,0.07196,0.12676037847995758,0.060742635279893875,0.06167212873697281,0.07216411828994751,0.06749870628118515,0.06451365351676941,0.05990247428417206,0.06755556911230087,0.06354941427707672,0.06060519814491272,0.19128122925758362,0.05551828071475029
914.636,0.09128,0.07550100982189178,0.08550567924976349,0.07939054816961288,0.10604184865951538,0.08605379611253738,0.09569999575614929,0.09334536641836166,0.08795186877250671,0.09666037559509277,0.08192172646522522,0.09162390977144241,0.08418640494346619
916.579,0.10163,0.17336586117744446,0.049804799258708954,0.04989788681268692,0.058339543640613556,0.048293791711330414,0.05983414873480797,0.08812816441059113,0.14983384311199188,0.03863636031746864,0.04223385453224182,0.2916359007358551,0.08869519829750061
916.651,0.07638,0.10674727708101273,0.09000025689601898,0.07916184514760971,0.09204446524381638,0.07653060555458069,0.07953154295682907,0.09300807863473892,0.08231600373983383,0.07805940508842468,0.09370970726013184,0.0846254825592041,0.08314642310142517
932.553,0.07158,0.16182543337345123,0.050051260739564896,0.04434358328580856,0.05877988785505295,0.04506966099143028,0.045176129788160324,0.11608042567968369,0.08813034743070602,0.03940652683377266,0.04647216573357582,0.1716376543045044,0.06149377301335335
941.635,0.08169,0.09163245558738708,0.09529241919517517,0.08787958323955536,0.0926903560757637,0.07112639397382736,0.08943423628807068,0.08483701199293137,0.06919915229082108,0.08524104207754135,0.08033239841461182,0.08308970928192139,0.07426625490188599
943.65,0.08902,0.11908900737762451,0.13251785933971405,0.10520477592945099,0.11873200535774231,0.07773599028587341,0.09300804883241653,0.10718762129545212,0.06709146499633789,0.1066087931394577,0.11392159014940262,0.07648975402116776,0.07966457307338715
