m/z value,Total,VAN0010-LK-152-8,VAN0012-RK-102-164,VAN0012-RK-102-167,VAN0013-LK-203-8,VAN0016-LK-203-68,VAN0028-LK-4-8,VAN0029-RK-2-82,VAN0030-LK-3-383,VAN0031-LK-2-38,VAN0031-LK-3-63,VAN0033-RK-2-66,VAN0034-RK-4-36
616.475,0.07926,0.06233958154916763,0.07281114161014557,0.06251641362905502,0.06399956345558167,0.06910058856010437,0.07100434601306915,0.1020469069480896,0.06402458995580673,0.07592088729143143,0.08305348455905914,0.10731418430805206,0.06342935562133789
630.49,0.0563,0.06540346145629883,0.042165424674749374,0.11100558191537857,0.02281760796904564,0.044426873326301575,0.05327698960900307,0.06397100538015366,0.04971260949969292,0.056922584772109985,0.02841346338391304,0.0195756983011961,0.05030525103211403
642.49,0.04663,0.04688860476016998,0.04069799929857254,0.07702331990003586,0.031062116846442223,0.044903747737407684,0.04509317874908447,0.057445161044597626,0.04213246330618858,0.05572282895445824,0.028999177739024162,0.024034136906266212,0.03824987635016441
644.505,0.08458,0.07411903142929077,0.07747315615415573,0.07606185227632523,0.06822299212217331,0.09707673639059067,0.08719472587108612,0.09465638548135757,0.09275905042886734,0.07185827940702438,0.05709295719861984,0.061989497393369675,0.09470049291849136
647.468,0.19241,0.2361447811126709,0.15002304315567017,0.15187619626522064,0.17691227793693542,0.16676919162273407,0.21047097444534302,0.1646762192249298,0.20065857470035553,0.18013301491737366,0.18429753184318542,0.2773810923099518,0.22969044744968414
650.406,0.04779,0.05226387456059456,0.05346076935529709,0.04239818826317787,0.043731942772865295,0.04677417501807213,0.04358751326799393,0.03839258477091789,0.049651648849248886,0.03250303864479065,0.03550020605325699,0.07677535712718964,0.06508830189704895
664.422,0.05924,0.0667247548699379,0.04511738196015358,0.04300794377923012,0.07131727784872055,0.06042788177728653,0.0657649114727974,0.051063209772109985,0.05626211687922478,0.0991709753870964,0.12687064707279205,0.06778319925069809,0.053229693323373795
671.468,0.03149,0.026143599301576614,0.0324653759598732,0.027554044499993324,0.029951486736536026,0.030854953452944756,0.04082807898521423,0.04247000813484192,0.03040221706032753,0.04906813055276871,0.04032750055193901,0.023754853755235672,0.028254961594939232
672.535,0.13451,0.10262022167444229,0.1125422790646553,0.12819820642471313,0.048303596675395966,0.14652203023433685,0.17465519905090332,0.08728699386119843,0.14488862454891205,0.12404026836156845,0.04712209478020668,0.04076450318098068,0.18997077643871307
673.483,0.04804,0.046751558780670166,0.04379171505570412,0.05803610756993294,0.04101181402802467,0.03860492259263992,0.05242291837930679,0.07465421408414841,0.04518011584877968,0.036070697009563446,0.026214826852083206,0.04269278794527054,0.04145411401987076
678.437,0.02434,0.021163474768400192,0.01957658864557743,0.028469638898968697,0.014281747862696648,0.020083341747522354,0.030318032950162888,0.03161165863275528,0.020947657525539398,0.04428838565945625,0.028077300637960434,0.015110261738300323,0.02148711308836937
685.483,0.03074,0.03250475600361824,0.03484712913632393,0.04623226076364517,0.018694469705224037,0.029288245365023613,0.03619329258799553,0.04004228860139847,0.027370834723114967,0.04430770501494408,0.025873513892292976,0.024253616109490395,0.03196452930569649
687.499,0.03154,0.04887603223323822,0.03541518747806549,0.09520801156759262,0.024002835154533386,0.02775704860687256,0.03308312967419624,0.05129071697592735,0.02681787870824337,0.06083955615758896,0.0317813940346241,0.01762133650481701,0.02977832779288292
692.452,0.05027,0.03198776766657829,0.0336843766272068,0.032276324927806854,0.0298860315233469,0.03305480256676674,0.05986490473151207,0.03989252820611,0.07416297495365143,0.05421515181660652,0.041423384100198746,0.03135288506746292,0.08428099751472473
695.467,0.028,0.022832835093140602,0.030818646773695946,0.030036374926567078,0.02013547159731388,0.0359630323946476,0.03647473827004433,0.029192261397838593,0.0292779840528965,0.033875104039907455,0.024131158366799355,0.01888888329267502,0.030800804495811462
697.482,0.02694,0.021845245733857155,0.022700969129800797,0.02303152158856392,0.026484714820981026,0.025129294022917747,0.02248254604637623,0.021810559555888176,0.019746866077184677,0.021739887073636055,0.020105836912989616,0.01792258769273758,0.020203612744808197
698.551,0.0974,0.08765394985675812,0.07109546661376953,0.0909472331404686,0.057601723819971085,0.08475181460380554,0.08534377813339233,0.07940676063299179,0.07787254452705383,0.05495882034301758,0.05237303674221039,0.07685333490371704,0.08259062469005585
699.498,0.02129,0.019921056926250458,0.016715481877326965,0.021692855283617973,0.017220085486769676,0.015063070692121983,0.01957675814628601,0.024762531742453575,0.01589248888194561,0.024813320487737656,0.018276739865541458,0.01976856403052807,0.014833088964223862
700.502,0.02092,0.02820815145969391,0.019732408225536346,0.023791633546352386,0.02082381770014763,0.0214227382093668,0.023417551070451736,0.03079722635447979,0.01840796507894993,0.02172941341996193,0.020733920857310295,0.019872810691595078,0.01869189366698265
700.566,0.02642,0.02582736685872078,0.025007596239447594,0.021951766684651375,0.01799050159752369,0.024046674370765686,0.036153197288513184,0.03122972697019577,0.02332998253405094,0.027804745361208916,0.023397481068968773,0.019881635904312134,0.032312583178281784
701.513,0.1411,0.20803974568843842,0.15239688754081726,0.18479560315608978,0.16687990725040436,0.16568119823932648,0.15558373928070068,0.19555038213729858,0.17545366287231445,0.13843604922294617,0.17015136778354645,0.1585264801979065,0.16420510411262512
714.509,0.06289,0.047915998846292496,0.03526158258318901,0.057030871510505676,0.03773418068885803,0.04305104538798332,0.0606282576918602,0.048084281384944916,0.035893186926841736,0.05171645060181618,0.039939336478710175,0.03827037289738655,0.03564663976430893
714.581,0.01942,0.01964814029633999,0.0165485218167305,0.02414865978062153,0.014369810000061989,0.018080662935972214,0.02006501890718937,0.02122756466269493,0.015564809553325176,0.0232547540217638,0.01573840342462063,0.015161151066422462,0.014773746952414513
715.512,0.02917,0.03229928016662598,0.03442175313830376,0.05059687793254852,0.018685437738895416,0.03362325206398964,0.04840759560465813,0.03559553250670433,0.03183915466070175,0.05420515686273575,0.02894328348338604,0.017401844263076782,0.02876639924943447
716.524,0.09775,0.11507626622915268,0.10065591335296631,0.10517589747905731,0.07370901852846146,0.08825420588254929,0.09225127100944519,0.11396212130784988,0.08014186471700668,0.0978463664650917,0.09835507720708847,0.07567446678876877,0.079003244638443
718.539,0.35247,0.43191394209861755,0.2797616422176361,0.2954912483692169,0.35032975673675537,0.3141467273235321,0.3664378523826599,0.3175378441810608,0.36880290508270264,0.3062727451324463,0.3608682155609131,0.5220211148262024,0.3644093871116638
721.482,0.02947,0.020787136629223824,0.024740880355238914,0.024774860590696335,0.014894441701471806,0.02116248942911625,0.023843545466661453,0.030731311067938805,0.021076198667287827,0.028273839503526688,0.017685335129499435,0.015388083644211292,0.018690364435315132
722.513,0.04325,0.048470739275217056,0.038801100105047226,0.06908953934907913,0.039023008197546005,0.03615604713559151,0.045696765184402466,0.0621001198887825,0.03650348260998726,0.047764312475919724,0.04336368292570114,0.03442266955971718,0.03350740671157837
723.5,0.03961,0.04514770954847336,0.035812750458717346,0.03305502608418465,0.031309328973293304,0.039604995399713516,0.04552188888192177,0.04063002020120621,0.03362607955932617,0.04268352687358856,0.043585099279880524,0.04504597559571266,0.036075081676244736
726.581,0.02185,0.016522550955414772,0.015795351937413216,0.01915762573480606,0.015254617668688297,0.015525585040450096,0.017322268337011337,0.018328214064240456,0.017850546166300774,0.015155648812651634,0.012482170946896076,0.01427443977445364,0.018285848200321198
728.526,0.02176,0.02494279108941555,0.016984224319458008,0.02447662129998207,0.014918525703251362,0.019524414092302322,0.019152380526065826,0.02010655403137207,0.01861504092812538,0.018162736669182777,0.022755281999707222,0.01866293139755726,0.01754058711230755
728.596,0.02413,0.029628437012434006,0.02761993557214737,0.02654634602367878,0.02107633836567402,0.03923109173774719,0.04669046029448509,0.03167017921805382,0.02625763975083828,0.03931496664881706,0.025432424619793892,0.022291405126452446,0.02597281150519848
731.44,0.03143,0.017954252660274506,0.02209334820508957,0.023921960964798927,0.017209162935614586,0.03150096535682678,0.06293071061372757,0.027003049850463867,0.05612622946500778,0.03459030017256737,0.021949365735054016,0.019276414066553116,0.07214273512363434
738.508,0.91623,0.6680832505226135,0.9582458138465881,1.4297274351119995,0.32198330760002136,0.7374175190925598,1.1698452234268188,0.8667048811912537,0.8257148861885071,1.8049771785736084,0.6259039640426636,0.35293594002723694,0.7283297777175903
740.522,0.05236,0.061513982713222504,0.03131604939699173,0.10892884433269501,0.030853211879730225,0.029977427795529366,0.041832830756902695,0.05266795679926872,0.02609347738325596,0.07487581670284271,0.047452714294195175,0.04156012833118439,0.02158539369702339
742.539,0.09517,0.11067282408475876,0.093446284532547,0.09591574221849442,0.06482791155576706,0.09076306968927383,0.11923075467348099,0.12279865890741348,0.09048464149236679,0.1500643491744995,0.08165912330150604,0.10730888694524765,0.08583012968301773
743.608,0.29499,0.2975795567035675,0.323099285364151,0.38996946811676025,0.11375414580106735,0.3601033091545105,0.41268375515937805,0.22833846509456635,0.3322557508945465,0.3862754702568054,0.12349702417850494,0.1041649729013443,0.4694066345691681
744.554,0.06237,0.08567444980144501,0.06860484927892685,0.08411138504743576,0.077424056828022,0.09096845239400864,0.06891985237598419,0.0890529602766037,0.07985550910234451,0.05203446000814438,0.05293082818388939,0.07263178378343582,0.09190133213996887
747.517,0.04485,0.05647654086351395,0.04892594739794731,0.07083263993263245,0.03977252170443535,0.03699752315878868,0.03936868906021118,0.05268041417002678,0.04205500707030296,0.053358882665634155,0.04573976621031761,0.050206683576107025,0.04302776977419853
748.526,0.04156,0.045518748462200165,0.04009116813540459,0.036411602050065994,0.061736833304166794,0.03741249814629555,0.03901660069823265,0.06168261170387268,0.033547960221767426,0.0340130589902401,0.07873948663473129,0.056341804563999176,0.0326152965426445
749.522,0.03944,0.04091671109199524,0.03154447302222252,0.03681254759430885,0.051672037690877914,0.03436564654111862,0.04003487154841423,0.05822423845529556,0.027951186522841454,0.04510205239057541,0.07398296147584915,0.042862650007009506,0.030654415488243103
750.543,0.08197,0.06659206748008728,0.07285887002944946,0.06485133618116379,0.08986321836709976,0.09268488734960556,0.11464515328407288,0.1136975809931755,0.0782332569360733,0.08336910605430603,0.11052311211824417,0.05198512598872185,0.08506092429161072
754.61,0.02172,0.019504042342305183,0.023211097344756126,0.02007935754954815,0.013833926059305668,0.027671515941619873,0.02405858412384987,0.024494029581546783,0.02135283499956131,0.030208604410290718,0.024489672854542732,0.015126590617001057,0.023198561742901802
760.512,0.01903,0.02315497025847435,0.01989792473614216,0.01916596107184887,0.014494778588414192,0.02522408403456211,0.02780059166252613,0.018094785511493683,0.023218169808387756,0.031185612082481384,0.017201129347085953,0.01408755499869585,0.021381046622991562
762.507,0.06303,0.07170414924621582,0.07680301368236542,0.1349128633737564,0.034433260560035706,0.05296444892883301,0.08413171768188477,0.05686295032501221,0.05095155909657478,0.15246428549289703,0.042820222675800323,0.031191494315862656,0.050769634544849396
764.522,0.07232,0.1121331974864006,0.08362405002117157,0.16298072040081024,0.03899744153022766,0.06194814667105675,0.09761626273393631,0.10131394118070602,0.07406150549650192,0.13507698476314545,0.05111619830131531,0.05365722253918648,0.05702851712703705
766.538,0.1072,0.10780922323465347,0.09192787855863571,0.09701626002788544,0.11692105978727341,0.07384607940912247,0.08693578094244003,0.12762129306793213,0.09202082455158234,0.06854664534330368,0.12256322801113129,0.11963838338851929,0.08303984999656677
769.622,0.24041,0.30956515669822693,0.25851359963417053,0.307491272687912,0.2810235619544983,0.3118067681789398,0.3044109642505646,0.26409587264060974,0.33279427886009216,0.24786028265953064,0.32484742999076843,0.37680694460868835,0.3153263330459595
770.568,0.05788,0.08277227729558945,0.052617624402046204,0.059174664318561554,0.07458946853876114,0.0531696118414402,0.04763907566666603,0.07452855259180069,0.04627059027552605,0.054192785173654556,0.08768156170845032,0.06038258597254753,0.0699109435081482
771.637,0.06062,0.06697968393564224,0.08604777604341507,0.10431043058633804,0.048988696187734604,0.06575746089220047,0.10579492896795273,0.09135357290506363,0.0718052014708519,0.11594869196414948,0.06253340095281601,0.045208387076854706,0.11290781944990158
774.481,0.03397,0.027507515624165535,0.020196836441755295,0.02764083631336689,0.023697111755609512,0.024907417595386505,0.034744974225759506,0.02596817910671234,0.042329393327236176,0.03185863792896271,0.02327802963554859,0.02242930419743061,0.04120398312807083
775.485,0.02112,0.017520921304821968,0.013141893781721592,0.0164946336299181,0.009385654702782631,0.014579527080059052,0.017694463953375816,0.014618718065321445,0.017598187550902367,0.01986009255051613,0.01722065918147564,0.013997034169733524,0.017808115109801292
778.513,0.04079,0.0369223915040493,0.04244089499115944,0.05093527212738991,0.026043085381388664,0.043678466230630875,0.04342310503125191,0.0289128590375185,0.03249576315283775,0.037727970629930496,0.024411862716078758,0.020008893683552742,0.03685258701443672
779.516,0.02616,0.03629505634307861,0.033848974853754044,0.0690096914768219,0.014342216774821281,0.04123839735984802,0.04606952145695686,0.03388042747974396,0.03781953081488609,0.04934713616967201,0.022586312144994736,0.012313105165958405,0.0420030876994133
782.495,0.02172,0.02481302246451378,0.021417994052171707,0.028554193675518036,0.016611263155937195,0.021925246343016624,0.024253858253359795,0.02680474892258644,0.018460126593708992,0.026831606402993202,0.02143300324678421,0.015442997217178345,0.018140263855457306
785.652,0.02987,0.0319293811917305,0.024394841864705086,0.03055599518120289,0.027582256123423576,0.030277099460363388,0.025900473818182945,0.02732393890619278,0.030258111655712128,0.029531879350543022,0.026942705735564232,0.029669132083654404,0.0293339341878891
786.527,0.05205,0.0614909902215004,0.0485861673951149,0.10973827540874481,0.015744373202323914,0.03061928227543831,0.05909060314297676,0.03658933937549591,0.04338786005973816,0.10220450907945633,0.037139393389225006,0.02081550844013691,0.04612541198730469
788.543,0.05302,0.03923490643501282,0.037556640803813934,0.04059041664004326,0.0426064170897007,0.044086746871471405,0.05017784237861633,0.06305484473705292,0.043594133108854294,0.03838168829679489,0.0651472955942154,0.03594064339995384,0.03544619306921959
789.546,0.02624,0.029018796980381012,0.029910841956734657,0.029723625630140305,0.023993898183107376,0.036997053772211075,0.03815842419862747,0.03567122295498848,0.028244251385331154,0.03855295851826668,0.036028262227773666,0.02286021038889885,0.028173772618174553
790.54,0.01996,0.021436350420117378,0.019417742267251015,0.019345639273524284,0.021734831854701042,0.024709759280085564,0.026525871828198433,0.027100887149572372,0.024578990414738655,0.023702552542090416,0.020447274670004845,0.014292045496404171,0.027399718761444092
792.552,0.01812,0.017911024391651154,0.015134849585592747,0.01792382448911667,0.016428060829639435,0.017849577590823174,0.021689586341381073,0.02545822598040104,0.01426618080586195,0.02012118510901928,0.023921841755509377,0.01778705231845379,0.015227045863866806
794.509,0.10055,0.09444712102413177,0.10367410629987717,0.1332930475473404,0.05308769270777702,0.09064748138189316,0.10432569682598114,0.06151752173900604,0.08314824849367142,0.12870867550373077,0.04405280947685242,0.05357816815376282,0.09175510704517365
794.567,0.04489,0.04790206998586655,0.04158253222703934,0.0445466972887516,0.03861144930124283,0.04018745571374893,0.04808279871940613,0.046593621373176575,0.04266471788287163,0.06307528913021088,0.04344450682401657,0.03991046920418739,0.04910906404256821
795.636,0.09385,0.08930955827236176,0.07827186584472656,0.09696435183286667,0.08462678641080856,0.08627915382385254,0.08038591593503952,0.07417366653680801,0.08518648147583008,0.07014301419258118,0.061480823904275894,0.09369143098592758,0.07901027798652649
797.652,0.14427,0.17936614155769348,0.1517002433538437,0.14300937950611115,0.14925332367420197,0.18460263311862946,0.15517185628414154,0.15160346031188965,0.17305436730384827,0.14771768450737,0.09997228533029556,0.12085703760385513,0.1921369880437851
799.666,0.04323,0.042631279677152634,0.041241250932216644,0.05088311806321144,0.0332566499710083,0.04099774733185768,0.04151494801044464,0.04780011251568794,0.036851074546575546,0.058830779045820236,0.03284112736582756,0.02871057018637657,0.03960837423801422
809.515,0.03034,0.026293370872735977,0.021747387945652008,0.03393203392624855,0.017170440405607224,0.022083545103669167,0.031350165605545044,0.027505090460181236,0.019725941121578217,0.04830509051680565,0.02700246497988701,0.014633341692388058,0.020567961037158966
827.558,0.06278,0.03330408036708832,0.04357277229428291,0.057998862117528915,0.03803252428770065,0.07038665562868118,0.07625338435173035,0.15541666746139526,0.03460591286420822,0.12501120567321777,0.041167546063661575,0.027557743713259697,0.03352253511548042
832.508,0.24817,0.288562148809433,0.22489775717258453,0.22915615141391754,0.21387837827205658,0.2150358110666275,0.22601169347763062,0.24145738780498505,0.22156456112861633,0.20768839120864868,0.2323625236749649,0.2790985703468323,0.202131450176239
833.514,0.0362,0.03657683730125427,0.02535143867135048,0.0252853911370039,0.024937419220805168,0.028639812022447586,0.03083212487399578,0.04021701589226723,0.02650097757577896,0.02824500948190689,0.027566425502300262,0.03276117518544197,0.02980467863380909
835.53,0.01826,0.02155916579067707,0.014993992634117603,0.019292155280709267,0.011943667195737362,0.016123319044709206,0.017254142090678215,0.019875669851899147,0.01242505107074976,0.021612003445625305,0.01622876152396202,0.014435140416026115,0.014546816237270832
836.534,0.0166,0.012902336195111275,0.01362498290836811,0.012739869765937328,0.008832814171910286,0.011764241382479668,0.013707767240703106,0.015959741547703743,0.009864314459264278,0.018071940168738365,0.01862277463078499,0.009534002281725407,0.010235315188765526
837.545,0.05021,0.04197399690747261,0.05394349247217178,0.059681303799152374,0.04094256833195686,0.044574178755283356,0.05726029351353645,0.05792353302240372,0.04349207505583763,0.052799124270677567,0.05654257535934448,0.049410153180360794,0.0545060932636261
855.561,0.01607,0.014545888639986515,0.01552104763686657,0.013100359588861465,0.010498953983187675,0.01388054620474577,0.018535492941737175,0.017752235755324364,0.01243291050195694,0.022361882030963898,0.013728105463087559,0.013925649225711823,0.012355634942650795
857.514,0.02975,0.039477139711380005,0.02987835556268692,0.04308037832379341,0.01731804758310318,0.02313924953341484,0.031033160164952278,0.031119368970394135,0.02304087020456791,0.03793736919760704,0.020647473633289337,0.023688748478889465,0.019447261467576027
857.576,0.02361,0.025026600807905197,0.0187243539839983,0.025317080318927765,0.018985027447342873,0.020471695810556412,0.024111460894346237,0.02789762243628502,0.019477378576993942,0.02748223952949047,0.020666003227233887,0.020838603377342224,0.01807943731546402
859.527,0.02404,0.030363155528903008,0.030022824183106422,0.033308930695056915,0.018323548138141632,0.025728290900588036,0.028985846787691116,0.03212608024477959,0.02270018868148327,0.031357716768980026,0.020442644134163857,0.018874503672122955,0.025789696723222733
861.545,0.05214,0.05199107527732849,0.0683518499135971,0.053620655089616776,0.028433680534362793,0.09998636692762375,0.08299851417541504,0.04370877891778946,0.06489206105470657,0.06351565569639206,0.038141608238220215,0.025544987991452217,0.09862080961465836
862.603,0.02523,0.02992607094347477,0.026130640879273415,0.021691804751753807,0.028559044003486633,0.0323559045791626,0.03823164477944374,0.025762192904949188,0.03038308396935463,0.02267867513000965,0.017234792932868004,0.025977259501814842,0.03003068082034588
863.561,0.07415,0.09534624218940735,0.058843307197093964,0.05946362018585205,0.04531354829668999,0.07368011027574539,0.06276851147413254,0.050076402723789215,0.04766068980097771,0.09246229380369186,0.12000937014818192,0.05123641714453697,0.045410264283418655
870.597,0.1846,0.2991478741168976,0.09355205297470093,0.07421617954969406,0.2589743435382843,0.32379886507987976,0.28556758165359497,0.3250475227832794,0.07817419618368149,0.13616341352462769,0.09582354128360748,0.43805861473083496,0.10169056802988052
876.618,0.03169,0.01982543058693409,0.024597907438874245,0.025848960503935814,0.01725846901535988,0.02845526672899723,0.039434805512428284,0.028134090825915337,0.03563493862748146,0.02724345214664936,0.026091761887073517,0.019874297082424164,0.03680983930826187
878.598,0.05222,0.04163026437163353,0.053145863115787506,0.039473436772823334,0.03999459743499756,0.0551629476249218,0.04529395326972008,0.03028501197695732,0.040769293904304504,0.0415688082575798,0.03070147894322872,0.044972557574510574,0.03976644575595856
879.561,0.01578,0.01885627582669258,0.01078410167247057,0.014443749561905861,0.009846946224570274,0.012989074923098087,0.016423586755990982,0.0176259595900774,0.010390772484242916,0.01396937109529972,0.011326190084218979,0.011034160852432251,0.012147027999162674
881.616,0.13372,0.0732816755771637,0.11974558979272842,0.062056101858615875,0.055017177015542984,0.24396353960037231,0.2372700273990631,0.042908523231744766,0.21072161197662354,0.09778216481208801,0.030918849632143974,0.034780632704496384,0.24056775867938995
883.528,0.0235,0.025688858702778816,0.016877908259630203,0.01619333028793335,0.025443624705076218,0.017278486862778664,0.017985038459300995,0.018675880506634712,0.01727331057190895,0.018058976158499718,0.03285468369722366,0.027538731694221497,0.01761573553085327
883.59,0.01806,0.024239545688033104,0.01672264188528061,0.024612048640847206,0.014546706341207027,0.01706637814640999,0.022842418402433395,0.023569434881210327,0.01705668307840824,0.022854315117001534,0.022593818604946136,0.01369581650942564,0.016732286661863327
885.545,0.05672,0.05629556626081467,0.05388383939862251,0.05590908229351044,0.041480232030153275,0.04878481850028038,0.05981125682592392,0.061985574662685394,0.05885261669754982,0.04533463343977928,0.05091610550880432,0.048078134655952454,0.04277272894978523
886.548,0.04217,0.03916172683238983,0.03646831959486008,0.04288388788700104,0.0334753654897213,0.032296668738126755,0.03527287393808365,0.04793316125869751,0.03635109215974808,0.03448903188109398,0.03928057476878166,0.03560180962085724,0.028294555842876434
890.633,0.11592,0.08389753103256226,0.15299351513385773,0.10502870380878448,0.05468473210930824,0.16895075142383575,0.224099799990654,0.06328447163105011,0.18029165267944336,0.12396277487277985,0.045292627066373825,0.04532623663544655,0.1604909896850586
892.613,0.05696,0.05302004516124725,0.059174444526433945,0.057333409786224365,0.05429154634475708,0.06055454909801483,0.051167551428079605,0.04637774080038071,0.05688473954796791,0.04625547677278519,0.030820457264780998,0.059107307344675064,0.05347759649157524
893.616,0.03324,0.0360213965177536,0.033053796738386154,0.042017195373773575,0.03641662374138832,0.033650510013103485,0.033118125051259995,0.030525516718626022,0.02994942106306553,0.028001314029097557,0.02352818474173546,0.04563705623149872,0.028542203828692436
894.626,0.03709,0.023375345394015312,0.03172944113612175,0.03431374579668045,0.01620989851653576,0.03927801921963692,0.06215577572584152,0.025024235248565674,0.03511442989110947,0.048970550298690796,0.023960961028933525,0.0159513670951128,0.035109687596559525
896.609,0.03742,0.032326169312000275,0.03566349670290947,0.027887195348739624,0.03282880783081055,0.12293575704097748,0.03720125928521156,0.02243165299296379,0.03736576810479164,0.023135272786021233,0.018593451008200645,0.027211910113692284,0.0456489659845829
898.6,0.02413,0.029337113723158836,0.019654378294944763,0.023782050237059593,0.017053337767720222,0.032987676560878754,0.022143494337797165,0.021755605936050415,0.018966902047395706,0.024751923978328705,0.028790447860956192,0.017406286671757698,0.02168310433626175
905.615,0.02514,0.02638157084584236,0.02306341379880905,0.03517600893974304,0.02577061392366886,0.021952105686068535,0.02706802263855934,0.025338178500533104,0.01921500265598297,0.02607826516032219,0.018240664154291153,0.023605860769748688,0.022245483472943306
910.623,0.03289,0.02930978499352932,0.023158622905611992,0.025066111236810684,0.026285672560334206,0.04086916148662567,0.042896781116724014,0.02586619183421135,0.029601067304611206,0.02984929084777832,0.01969766430556774,0.028100350871682167,0.030057385563850403
922.614,0.03532,0.027361024171113968,0.01903710514307022,0.034702785313129425,0.014961527660489082,0.02374170906841755,0.028524968773126602,0.022460496053099632,0.022486841306090355,0.030777066946029663,0.020552432164549828,0.018549971282482147,0.03222823888063431
924.637,0.20489,0.14490005373954773,0.16430619359016418,0.08859346061944962,0.08649878203868866,0.44749367237091064,0.2617996633052826,0.038369692862033844,0.3003740608692169,0.08125840127468109,0.02634245902299881,0.04615519195795059,0.45846638083457947
940.56,0.23501,0.2100154310464859,0.19946494698524475,0.26292845606803894,0.3030647039413452,0.19300512969493866,0.21611768007278442,0.19545385241508484,0.19644424319267273,0.2446427047252655,0.1561749279499054,0.1500881016254425,0.2596971094608307
