m/z value,Total,VAN0010-LK-152-8,VAN0012-RK-102-164,VAN0012-RK-102-167,VAN0013-LK-203-8,VAN0016-LK-203-68,VAN0028-LK-4-8,VAN0029-RK-2-82,VAN0030-LK-3-383,VAN0031-LK-2-38,VAN0031-LK-3-63,VAN0033-RK-2-66,VAN0034-RK-4-36
616.475,5554.1958,5722.1474609375,4760.8369140625,5173.6943359375,7129.4775390625,6135.41943359375,6996.162109375,3241.7431640625,5718.029296875,6374.5869140625,6968.5751953125,6133.9033203125,5415.1015625
630.49,778.17871,845.5517578125,616.35888671875,761.4913330078125,915.7100219726562,861.6380615234375,916.5327758789062,493.65472412109375,819.0498046875,754.2305908203125,797.500732421875,865.3760375976562,974.743896484375
642.49,2175.01514,2238.0400390625,1776.501708984375,2193.671875,2667.27392578125,2286.596435546875,2683.484619140625,1278.7216796875,2138.23681640625,2385.140625,2544.966796875,2372.092041015625,2314.048828125
644.505,1341.99243,1438.675537109375,1157.1248779296875,1317.761474609375,1594.8179931640625,1535.8905029296875,1564.4893798828125,841.2015380859375,1454.529052734375,1564.8345947265625,1758.7110595703125,1332.0078125,1325.6629638671875
647.468,989.64655,1311.385986328125,862.9152221679688,845.5361328125,875.0396728515625,942.3311157226562,1166.283935546875,726.565185546875,963.8980712890625,1233.336181640625,1427.3072509765625,1553.19873046875,1128.554443359375
650.406,1410.34216,604.608154296875,808.13720703125,635.9907836914062,1669.921142578125,952.7435913085938,2087.997314453125,1887.4739990234375,2385.57373046875,254.07647705078125,347.5992126464844,2880.845703125,2692.37744140625
664.422,2454.33447,1045.4869384765625,1412.9942626953125,1105.119873046875,2917.081787109375,1679.8092041015625,3702.829833984375,3356.99267578125,4213.30615234375,327.0912780761719,465.3570861816406,5245.7451171875,4878.59375
671.468,5266.66553,8560.4501953125,4330.04052734375,4725.6845703125,6949.1806640625,5009.47265625,4867.21826171875,3124.18212890625,5106.263671875,4149.220703125,5031.72607421875,7649.8271484375,5321.9638671875
672.535,766.69299,812.999755859375,598.081298828125,648.3529052734375,1067.79345703125,1089.627197265625,753.483154296875,638.840576171875,1053.9158935546875,716.9215087890625,776.6600341796875,706.66796875,748.9441528320312
673.483,9612.37793,14991.8876953125,9547.998046875,9852.7529296875,10998.5927734375,9194.677734375,8267.81640625,5672.6865234375,8905.8759765625,7158.4541015625,9461.1337890625,13333.857421875,9276.0556640625
678.437,340.69443,184.88882446289062,213.3851318359375,177.76657104492188,358.3256530761719,266.0448913574219,471.740234375,488.5091552734375,607.615234375,82.22908020019531,106.8642807006836,676.17138671875,591.153564453125
685.483,600.48456,913.6315307617188,457.0759582519531,547.63330078125,723.5781860351562,601.5402221679688,578.6874389648438,404.539794921875,616.9395141601562,440.619140625,573.623779296875,840.3736572265625,680.7093505859375
687.499,977.8902,1409.164794921875,858.0128784179688,972.6656494140625,1105.1402587890625,974.7041015625,827.92919921875,695.8700561523438,996.101806640625,830.2685546875,926.3062744140625,1193.425048828125,1153.336181640625
692.452,559.38409,300.634521484375,348.5013122558594,284.5747375488281,588.2095336914062,426.916259765625,821.97509765625,798.8975830078125,1008.3662719726562,108.65744018554688,148.0863800048828,1202.6854248046875,1007.6309814453125
695.467,2742.65381,3796.83740234375,2484.552001953125,2511.191162109375,3837.126708984375,2568.014404296875,2596.447021484375,1546.5609130859375,2592.659423828125,2265.603271484375,2722.56689453125,3223.006591796875,2738.711669921875
697.482,3529.29028,5274.2900390625,2940.27783203125,2996.393310546875,5077.97021484375,3400.116943359375,3480.75048828125,2005.244873046875,3407.6533203125,3107.992919921875,3809.382080078125,5033.076171875,3381.06982421875
698.551,502.08301,537.5413818359375,378.7894287109375,473.90435791015625,699.009521484375,588.6771240234375,503.662841796875,372.7951354980469,624.8707275390625,559.400634765625,613.1620483398438,516.9931640625,438.2445983886719
699.498,6720.28174,10049.5380859375,6177.015625,6452.49462890625,8170.99951171875,6697.3447265625,6178.080078125,4048.36865234375,6308.6015625,5819.74072265625,7503.02392578125,8993.23828125,6210.35595703125
700.502,2961.06445,4661.53125,2711.42529296875,2871.9541015625,3511.2998046875,2991.753173828125,2683.79541015625,1764.64453125,2807.209716796875,2585.528564453125,3285.269775390625,4067.40771484375,2699.48828125
700.566,1369.92822,1534.0352783203125,1181.505859375,1239.82861328125,1829.943359375,1818.1422119140625,1306.935791015625,1070.9755859375,1835.8927001953125,1098.5830078125,1091.04150390625,1259.638916015625,1273.5108642578125
701.513,4921.86865,7217.6494140625,4890.0849609375,4816.41259765625,5371.39599609375,5565.60302734375,4359.9013671875,3158.30615234375,4561.93798828125,4237.1806640625,6166.48095703125,6235.45703125,4866.9423828125
714.509,1846.24768,3541.938720703125,1276.3670654296875,1363.4296875,2795.642822265625,2244.7919921875,2082.64990234375,1199.7314453125,1753.9923095703125,1283.876953125,1800.29345703125,2681.538818359375,1647.8411865234375
714.581,696.59198,733.7176513671875,661.7182006835938,694.6307373046875,847.3782348632812,775.7119140625,679.4426879882812,456.3806457519531,820.3618774414062,469.97882080078125,475.7650146484375,762.1273193359375,703.28857421875
715.512,856.44073,1567.9296875,635.9398803710938,677.0869750976562,1201.342529296875,1038.9569091796875,922.0333862304688,573.2198486328125,820.2427368164062,663.03173828125,846.5780029296875,1215.270751953125,801.1453857421875
716.524,3683.40405,6598.08203125,3102.95263671875,3183.371337890625,4975.86328125,4111.94140625,3918.34765625,2017.10986328125,3125.380615234375,3047.26123046875,4042.340087890625,5963.3603515625,3640.03173828125
718.539,1901.47754,2797.30810546875,1615.10888671875,1595.258544921875,1711.67333984375,1905.9696044921875,2354.986328125,1287.68798828125,1829.744384765625,2213.74365234375,2856.0224609375,3065.947509765625,1995.671875
721.482,1287.09119,1654.2999267578125,1210.0797119140625,1175.144775390625,1785.3680419921875,1115.2369384765625,1268.59375,770.2845458984375,1192.7447509765625,1174.7041015625,1502.393310546875,1565.572998046875,1266.316650390625
722.513,4060.2478,6941.58740234375,3737.432373046875,3499.671875,5267.599609375,3935.410400390625,5131.328125,1778.38232421875,3256.437744140625,3016.3359375,4110.33837890625,6413.8076171875,3437.92529296875
723.5,4936.20264,6762.5107421875,4626.37548828125,4460.83447265625,6243.63134765625,4786.32958984375,4709.39990234375,3256.39306640625,4702.10986328125,4648.126953125,6091.4189453125,5855.1025390625,4381.2373046875
726.581,1799.93176,1982.560302734375,1383.0806884765625,1851.8935546875,2802.658447265625,1959.5863037109375,1914.217041015625,1097.781494140625,2081.38623046875,2171.66845703125,2199.726806640625,1676.4205322265625,1632.51318359375
728.526,805.07751,1429.9873046875,722.5809326171875,812.7273559570312,868.0662231445312,834.8095092773438,671.839599609375,489.67047119140625,809.370849609375,674.2188110351562,877.0139770507812,1188.0274658203125,730.9241943359375
728.596,1671.77136,2023.9779052734375,1399.7418212890625,1546.847900390625,2292.576171875,1979.356689453125,1738.3994140625,1216.56982421875,2113.984375,1359.4921875,1324.1873779296875,1528.9915771484375,1671.51806640625
731.44,714.16046,536.635009765625,565.185546875,482.1224060058594,683.3194580078125,593.7296142578125,903.65771484375,881.5902709960938,1008.9461059570312,356.16546630859375,424.9388427734375,1070.054443359375,1093.0244140625
738.508,3671.76172,6363.810546875,3094.07958984375,2903.213134765625,5924.22265625,4229.20263671875,3708.68212890625,2227.50732421875,3458.91064453125,2285.73046875,2779.48486328125,4479.5361328125,3300.32666015625
740.522,1973.25916,3417.181884765625,1579.7708740234375,1374.3768310546875,3137.054931640625,2340.7275390625,2205.132568359375,1087.5048828125,1849.363037109375,1667.0850830078125,2005.475830078125,3034.1044921875,1785.552734375
742.539,11033.33691,18497.73046875,9178.884765625,9541.9287109375,14578.310546875,11701.02734375,11193.1650390625,6401.01953125,10483.2216796875,9100.064453125,11998.9365234375,16554.48828125,10231.64453125
743.608,1026.6405,1046.5009765625,805.0123291015625,892.3052368164062,1337.5338134765625,1464.2596435546875,987.5308837890625,946.1624755859375,1504.060546875,873.4595336914062,961.2947387695312,907.6880493164062,1009.591552734375
744.554,14049.4043,23606.4375,13392.8271484375,14204.580078125,15977.9140625,14160.7451171875,12639.248046875,7755.9150390625,13041.4609375,11292.541015625,14102.384765625,21228.6171875,13058.185546875
747.517,1211.35632,1933.69921875,977.8274536132812,1104.128173828125,1588.884521484375,1252.88916015625,1139.5838623046875,736.82373046875,1256.9207763671875,988.5634765625,1232.9842529296875,1665.310546875,1048.33642578125
748.526,1338.71338,1985.6624755859375,1227.1270751953125,1138.2950439453125,1744.133544921875,1316.12890625,1595.599853515625,651.1448974609375,1113.313232421875,1163.71484375,1649.6378173828125,2009.767333984375,1196.553466796875
749.522,766.23877,1123.234375,701.9718627929688,706.5831909179688,914.5249633789062,726.94677734375,850.8886108398438,407.498291015625,663.9507446289062,734.65185546875,1002.523681640625,1040.37451171875,699.6080322265625
750.543,2288.41284,4499.59375,2190.14453125,2167.95751953125,2246.374755859375,2547.678955078125,2741.408935546875,1250.583740234375,1963.007080078125,2028.227294921875,3122.233154296875,2857.24072265625,2034.444580078125
754.61,657.79553,802.5362548828125,505.34405517578125,681.1952514648438,855.453369140625,720.9150390625,678.6882934570312,460.2434997558594,810.7959594726562,559.8973999023438,550.7012939453125,595.34912109375,704.894775390625
760.512,720.94769,991.9239501953125,739.0223999023438,645.5651245117188,895.9432983398438,873.474609375,713.074951171875,500.1042785644531,660.5993041992188,409.8387451171875,514.111328125,817.5834350585938,708.769287109375
762.507,644.63324,1182.2044677734375,450.0950622558594,422.034912109375,1307.443603515625,741.6603393554688,701.8496704101562,433.3021240234375,684.8455810546875,458.74163818359375,552.435302734375,856.5265502929688,628.167724609375
764.522,2200.42432,3395.498046875,2086.73583984375,1598.386962890625,3536.76171875,2587.175537109375,2284.56787109375,1219.767578125,1980.02001953125,1721.6474609375,2008.2073974609375,3022.919189453125,1985.3714599609375
766.538,11785.49707,18790.48828125,10129.77734375,9854.767578125,14301.0234375,13148.3095703125,11944.4892578125,7707.20556640625,11640.8896484375,10148.8828125,14018.388671875,15443.919921875,10226.3759765625
769.622,398.21231,468.85076904296875,305.3014221191406,391.3299865722656,558.2760620117188,430.7165832519531,430.5303649902344,221.67213439941406,462.5433349609375,523.9755249023438,531.4002075195312,460.26800537109375,323.0663757324219
770.568,3314.77246,5645.11181640625,2953.583251953125,3191.6982421875,4058.126220703125,3320.587890625,2899.656494140625,1920.3994140625,3236.314208984375,3142.90625,3944.9345703125,4901.873046875,2681.31591796875
771.637,2352.88086,2795.441162109375,2008.6766357421875,2126.15478515625,3088.30419921875,3149.792236328125,2321.0771484375,1764.990966796875,3043.91748046875,1849.8046875,1866.3240966796875,2242.184814453125,2103.935546875
774.481,1501.58398,852.4541015625,1013.5534057617188,819.5423583984375,1617.150146484375,1242.9146728515625,2189.442138671875,2009.10791015625,2428.61181640625,474.5227966308594,575.144287109375,2606.859130859375,2506.455810546875
775.485,702.25726,430.8382263183594,483.18524169921875,391.3272399902344,754.0113525390625,591.8238525390625,1001.4072875976562,912.1444091796875,1122.4405517578125,242.33526611328125,287.5283508300781,1221.154541015625,1192.068603515625
778.513,1702.15344,1707.7900390625,1919.535400390625,1823.1082763671875,2160.23046875,1691.397705078125,3520.820556640625,558.3502807617188,1348.73974609375,1079.77685546875,785.5140991210938,1682.63134765625,1365.046630859375
779.516,733.94214,789.3938598632812,815.2886352539062,769.40966796875,902.8524780273438,745.1595458984375,1471.2916259765625,269.932861328125,601.8314819335938,471.46478271484375,369.8736877441406,742.493408203125,594.0631103515625
782.495,631.93561,969.7971801757812,632.7913208007812,564.8026123046875,872.1041870117188,775.5626220703125,599.7228393554688,372.52935791015625,572.1317749023438,396.8533935546875,399.0845947265625,755.5868530273438,602.7342529296875
785.652,980.36066,1124.9188232421875,936.2005615234375,941.4061889648438,1228.4716796875,1109.9656982421875,1014.6494750976562,577.8912353515625,1129.36328125,580.0850830078125,605.1671142578125,1183.3836669921875,871.7894287109375
786.527,675.24951,830.6652221679688,600.24267578125,534.7227172851562,824.7750854492188,892.5050659179688,817.9982299804688,515.8818359375,666.9332275390625,577.6375732421875,830.1077270507812,801.42626953125,584.4722900390625
788.543,2145.12329,2847.665283203125,2137.0595703125,1965.5867919921875,2385.442138671875,2695.78076171875,2140.052490234375,1490.763916015625,1862.7083740234375,1848.99462890625,2958.41845703125,2512.326171875,2067.869384765625
789.546,928.39282,1269.851318359375,914.1596069335938,831.6395874023438,999.6224975585938,1188.385986328125,934.412841796875,637.2059326171875,841.5567626953125,806.975341796875,1295.55419921875,1134.642333984375,892.6138916015625
790.54,570.43115,920.5213623046875,501.8870849609375,470.9039306640625,802.9220581054688,592.1851806640625,560.4638061523438,371.52032470703125,562.0401611328125,523.1448974609375,714.173828125,705.63720703125,520.3995971679688
792.552,711.19141,1045.270751953125,670.9306640625,603.6758422851562,893.5071411132812,659.1372680664062,776.6118774414062,403.4984130859375,651.6282958984375,783.4344482421875,1040.0748291015625,927.70263671875,630.7523193359375
794.509,1159.1488,1024.41455078125,1291.6177978515625,1135.1820068359375,1792.88525390625,1362.21875,1261.4052734375,534.8092651367188,995.744873046875,614.3391723632812,508.47705078125,1946.1588134765625,1010.3001708984375
794.567,1028.2948,1706.577880859375,978.9365844726562,1041.0626220703125,996.9061889648438,925.2786865234375,1011.5826416015625,669.06201171875,1034.1812744140625,1377.48095703125,1870.13720703125,1190.48291015625,905.808349609375
795.636,369.8222,486.4853515625,244.9086456298828,350.5919189453125,480.75079345703125,378.712890625,455.015625,213.6194610595703,444.42950439453125,594.28125,642.564208984375,407.6995849609375,327.699462890625
797.652,2115.5022,2485.119140625,1600.9974365234375,2117.445068359375,3328.343505859375,2208.14697265625,2426.024169921875,1161.687744140625,2375.1630859375,3097.04345703125,3280.0703125,2056.48828125,1802.986083984375
799.666,2609.02734,3361.845703125,2123.49072265625,2392.03515625,3459.038818359375,3092.93359375,2853.99755859375,1814.866943359375,3246.178466796875,2266.806640625,2142.6162109375,2462.15087890625,2554.6220703125
809.515,950.95465,1282.17919921875,789.2911376953125,803.0264282226562,1284.5831298828125,1178.7701416015625,1025.6053466796875,614.131591796875,1063.1258544921875,544.3921508789062,542.9559936523438,1221.631103515625,763.29150390625
827.558,855.88892,244.13320922851562,825.2477416992188,798.16162109375,1013.2854614257812,1400.2254638671875,1230.343505859375,3424.15478515625,694.3169555664062,1657.2381591796875,1257.67138671875,245.07974243164062,751.7109375
832.508,535.1701,832.971435546875,496.64404296875,439.23321533203125,703.5043334960938,592.821044921875,528.0151977539062,365.6038818359375,547.7666015625,577.5167236328125,568.28955078125,609.704833984375,477.645263671875
833.514,1182.61035,2150.69775390625,1012.7372436523438,928.5732421875,1588.581298828125,1510.2413330078125,1273.5460205078125,747.7818603515625,1087.8145751953125,836.7271118164062,1113.539306640625,1802.646484375,1035.854248046875
835.53,2921.2583,4313.76953125,2535.0771484375,2504.20654296875,3871.703369140625,3072.308837890625,3155.138671875,1601.727294921875,2644.7578125,2335.063720703125,3036.002685546875,4374.611328125,2600.37255859375
836.534,1392.12292,2020.08837890625,1238.224365234375,1187.197509765625,1818.5777587890625,1457.6566162109375,1508.748779296875,798.806396484375,1284.603515625,1150.33349609375,1427.947509765625,2060.939453125,1250.26416015625
837.545,1197.45764,1639.869873046875,1003.1760864257812,1060.7216796875,1666.1712646484375,1394.15087890625,1052.6683349609375,701.2640991210938,1792.4591064453125,724.7528076171875,677.6864013671875,1402.780029296875,883.193359375
855.561,1211.45959,2037.2376708984375,987.2821044921875,1107.6209716796875,1513.404541015625,1173.9976806640625,1110.853271484375,764.1610107421875,1205.0797119140625,959.7950439453125,1290.9171142578125,1739.6016845703125,1194.90869140625
857.514,2846.33398,5217.6806640625,2381.01806640625,2271.54150390625,3744.890869140625,3251.67138671875,3010.494384765625,1953.576171875,2400.690185546875,1917.9755859375,2948.894775390625,4425.025390625,2644.978759765625
857.576,1828.69067,2901.72265625,1804.446044921875,1993.04345703125,1962.181640625,1691.7618408203125,1477.508544921875,1083.22802734375,1797.9503173828125,1460.4921875,1838.88525390625,2482.54296875,1720.011962890625
859.527,1311.14612,2560.0810546875,1064.0623779296875,1002.5794677734375,1910.060546875,1543.8638916015625,1470.6917724609375,807.273193359375,1189.6365966796875,1015.4984741210938,1463.0252685546875,2188.478515625,1076.8067626953125
861.545,2744.18091,4638.5361328125,2458.5859375,2161.45947265625,3726.03173828125,3315.464111328125,2971.678466796875,1508.177978515625,2358.93896484375,2129.019775390625,2999.806884765625,4062.994873046875,2401.5830078125
862.603,1605.48071,1899.48193359375,2092.96484375,1675.599365234375,2058.16162109375,2163.667236328125,2677.46142578125,579.2906494140625,1477.55029296875,716.600830078125,481.0696105957031,1428.7728271484375,1205.8388671875
863.561,4186.08838,5571.02587890625,3840.020263671875,3719.65185546875,5938.07080078125,3914.875244140625,4242.7705078125,2299.82470703125,3991.181884765625,3743.093017578125,4506.2802734375,5203.572265625,3481.541015625
870.597,8939.22852,1627.7296142578125,8060.53515625,7635.07568359375,15995.41796875,20984.5234375,19217.2734375,35837.18359375,6780.41357421875,17179.037109375,14511.5126953125,1163.072998046875,6840.17626953125
876.618,964.62854,1052.838623046875,1291.13720703125,1021.5137329101562,1160.88916015625,1120.35302734375,1597.620361328125,342.8457946777344,895.9056396484375,491.47442626953125,307.26409912109375,929.5430908203125,744.9752197265625
878.598,1941.71777,1627.065673828125,2644.206787109375,1996.381591796875,3233.9658203125,2746.097900390625,2102.50927734375,651.36279296875,1843.620361328125,536.48486328125,313.6009216308594,2980.74267578125,1347.57861328125
879.561,726.73236,1019.2972412109375,697.8860473632812,716.12109375,835.42138671875,657.6015014648438,644.40869140625,443.941162109375,733.6581420898438,641.7817993164062,746.73193359375,846.0237426757812,773.7325439453125
881.616,416.92484,570.20458984375,471.8691711425781,405.09808349609375,423.748046875,654.7725219726562,485.3909912109375,241.84786987304688,397.3763732910156,209.97067260742188,156.17160034179688,560.82470703125,374.244140625
883.528,1395.68164,1791.42822265625,1282.3829345703125,1070.8533935546875,2418.311767578125,1562.21826171875,1453.3538818359375,844.3936767578125,1188.5291748046875,1153.4176025390625,1688.4969482421875,2155.755615234375,1219.967041015625
883.59,665.0304,1079.8134765625,602.2594604492188,644.9622192382812,716.9920654296875,711.689208984375,581.9769287109375,411.9530334472656,689.4562377929688,619.7337646484375,741.31494140625,874.6674194335938,631.70947265625
885.545,22341.93945,33727.20703125,20246.369140625,19453.318359375,28862.07421875,24724.783203125,21584.568359375,14667.578125,18873.091796875,19134.22265625,27824.767578125,28523.41796875,21944.59375
886.548,11777.90527,18079.083984375,10652.9228515625,10367.564453125,14715.8564453125,12868.900390625,11140.2119140625,7802.74169921875,9838.7998046875,9957.97265625,14604.8203125,15409.072265625,11657.4375
890.633,1606.15515,2003.2734375,1687.4996337890625,1611.1446533203125,2048.268310546875,1531.5279541015625,3179.164794921875,640.955810546875,1672.360107421875,1131.1075439453125,885.0517578125,1102.21826171875,1444.8924560546875
892.613,2511.70166,2106.488037109375,3440.4697265625,2583.272705078125,3704.230712890625,3297.275634765625,3023.402099609375,723.6982421875,2248.2001953125,849.4603271484375,413.9916687011719,4036.56982421875,1832.75390625
893.616,1224.45605,1081.88330078125,1674.44482421875,1252.6402587890625,1768.5810546875,1618.3961181640625,1435.3204345703125,378.69403076171875,1129.7994384765625,449.8818359375,239.92984008789062,2028.273193359375,900.7616577148438
894.626,878.56561,1025.6673583984375,1194.5087890625,883.3711547851562,896.0914916992188,1232.8515625,1104.976318359375,396.11773681640625,782.1874389648438,344.1565856933594,210.5126953125,1396.082275390625,736.2220458984375
896.609,880.49353,1034.5338134765625,905.6893310546875,913.2291259765625,846.8795776367188,1483.6480712890625,756.2391357421875,530.58544921875,1000.2236938476562,241.1737060546875,210.4872589111328,1684.445556640625,906.5739135742188
898.6,895.46106,1005.5152587890625,861.45361328125,842.4298095703125,958.064697265625,1001.0757446289062,901.154541015625,977.8236083984375,770.2333984375,871.437255859375,1055.244384765625,934.971923828125,752.2191162109375
905.615,636.51385,578.3468017578125,726.224609375,642.7105102539062,1120.9056396484375,674.6214599609375,909.9114990234375,185.28659057617188,510.32666015625,312.2417907714844,188.0481414794922,1065.360595703125,507.87652587890625
910.623,1194.76392,1381.89111328125,1256.9610595703125,1250.2410888671875,1195.2847900390625,1852.3455810546875,1139.7362060546875,595.4525146484375,1258.4945068359375,357.4970703125,339.7772521972656,2461.77099609375,1267.0313720703125
922.614,922.81067,1054.263916015625,978.307861328125,1014.6761474609375,1152.255615234375,1013.8138427734375,919.1780395507812,487.7470703125,811.1200561523438,633.04833984375,582.2970581054688,1710.38671875,942.998291015625
924.637,1915.07605,2114.3359375,2043.664794921875,2068.748779296875,1994.6297607421875,3009.167724609375,1651.2142333984375,1070.453857421875,1966.13623046875,447.4819030761719,410.51025390625,3573.49169921875,2146.484375
940.56,424.23291,569.516845703125,281.1242370605469,344.62933349609375,1367.2677001953125,504.6488037109375,565.6210327148438,302.53955078125,385.5338439941406,282.3412780761719,283.35040283203125,298.89947509765625,585.3414306640625
