m/z value,Total,VAN0010-LK-152-8,VAN0012-RK-102-164,VAN0012-RK-102-167,VAN0013-LK-203-8,VAN0016-LK-203-68,VAN0028-LK-4-8,VAN0029-RK-2-82,VAN0030-LK-3-383,VAN0031-LK-2-38,VAN0031-LK-3-63,VAN0033-RK-2-66,VAN0034-RK-4-36
616.475,6407.93311,7147.8447265625,5427.6171875,6057.8310546875,7471.20849609375,6478.935546875,7697.4521484375,4010.533935546875,6710.01953125,6071.16162109375,6566.7470703125,7858.7236328125,5794.89208984375
630.49,808.38577,872.7825317382812,663.3735961914062,810.7349243164062,897.7025756835938,841.9266967773438,854.6128540039062,512.2044677734375,827.4937744140625,698.3055419921875,800.662353515625,929.941650390625,983.672607421875
642.49,2403.47729,2554.02734375,2017.2431640625,2516.9404296875,2738.1416015625,2346.12744140625,2743.370361328125,1461.57421875,2350.97412109375,2173.114013671875,2526.25537109375,2851.35986328125,2422.473876953125
644.505,1644.70593,1759.08349609375,1440.43701171875,1691.3135986328125,1907.7138671875,1669.11962890625,1779.407470703125,999.9075927734375,1765.6171875,1419.26513671875,1759.47021484375,1855.497314453125,1432.9793701171875
647.468,1109.83618,1713.4178466796875,845.3585815429688,911.9391479492188,842.1237182617188,1055.104736328125,1389.350830078125,901.1365966796875,1193.965576171875,1266.398193359375,1276.76220703125,2090.2958984375,1313.677001953125
650.406,1217.966,615.5554809570312,725.5081787109375,620.0862426757812,1611.9320068359375,870.6629028320312,1960.1729736328125,1858.345947265625,2203.49755859375,238.0487518310547,333.6071472167969,2507.93896484375,2641.049072265625
664.422,2093.36755,1038.8760986328125,1233.99365234375,1048.3133544921875,2822.97509765625,1518.7796630859375,3435.397216796875,3315.189453125,3836.99755859375,327.11956787109375,440.67681884765625,4497.1689453125,4728.17333984375
671.468,5839.50269,8999.34765625,4872.2197265625,5653.29833984375,7114.82080078125,6011.5986328125,4902.0947265625,3455.4541015625,6003.109375,3439.419677734375,5270.06640625,9207.201171875,5332.18408203125
672.535,1146.02191,1307.7080078125,924.2837524414062,1059.0316162109375,1415.5433349609375,1530.15673828125,914.48974609375,930.9989013671875,1424.07080078125,610.9994506835938,960.2341918945312,1129.5079345703125,1010.5927734375
673.483,8245.62109,13232.2373046875,7584.580078125,8490.7001953125,8526.353515625,8585.74609375,7286.56396484375,5588.1689453125,7892.478515625,6602.21533203125,8851.80859375,10135.330078125,7618.892578125
678.437,309.02885,197.23226928710938,191.8484344482422,171.82937622070312,374.50103759765625,253.96246337890625,469.8755798339844,467.6157531738281,549.150146484375,80.7620620727539,106.17295837402344,609.8347778320312,580.6181030273438
685.483,637.7131,931.9067993164062,502.0224914550781,625.0046997070312,723.1874389648438,660.99755859375,550.5742797851562,400.28790283203125,660.9404296875,392.718017578125,595.2679443359375,919.48681640625,692.7631225585938
687.499,891.8317,1219.6435546875,736.5344848632812,864.9365234375,974.2109985351562,869.6027221679688,784.585693359375,654.8834228515625,928.417236328125,776.3409423828125,902.1422729492188,981.9844970703125,1003.5521850585938
692.452,518.621,327.5762634277344,314.5708312988281,276.0267333984375,639.1430053710938,423.24920654296875,831.2579345703125,791.83837890625,949.1583251953125,103.43177032470703,148.188720703125,1122.551025390625,998.4085083007812
695.467,3248.89905,4551.125,3171.8212890625,3398.952880859375,4330.04248046875,3012.05859375,2743.06982421875,1921.5472412109375,3237.69677734375,1933.564208984375,2772.143798828125,3586.56884765625,3070.25830078125
697.482,3928.91772,5651.5830078125,3284.29541015625,3616.212158203125,5071.85302734375,3963.40283203125,3586.49072265625,2248.8193359375,3858.841796875,2646.8388671875,4003.938720703125,5973.68359375,3538.328125
698.551,705.20157,771.9149169921875,563.5548095703125,718.5433349609375,877.62060546875,766.0463256835938,613.5773315429688,492.4911804199219,828.0965576171875,443.2651062011719,714.4735717773438,798.0054931640625,564.0791015625
699.498,6577.51489,9740.041015625,5774.98681640625,6444.97705078125,7265.9736328125,7029.54931640625,5974.56201171875,4193.744140625,6243.87744140625,5041.892578125,7494.587890625,8559.640625,5663.6123046875
700.502,2833.8335,4443.78466796875,2445.368896484375,2772.877197265625,3050.345703125,3112.473876953125,2543.255126953125,1775.603759765625,2713.55029296875,2238.260009765625,3231.544677734375,3692.56884765625,2414.54541015625
700.566,2049.88647,2346.506591796875,1871.4195556640625,2137.500732421875,2378.09619140625,2529.5673828125,1653.879638671875,1799.874755859375,2620.71435546875,952.7284545898438,1424.9171142578125,1967.2777099609375,1803.6448974609375
701.513,4245.78687,6548.5556640625,3676.53955078125,3933.386474609375,4159.72216796875,5248.1884765625,4055.6337890625,2903.1044921875,4063.013671875,4360.66259765625,5745.69970703125,4712.7138671875,3794.862060546875
714.509,2218.23486,4220.45556640625,1734.185791015625,1899.7470703125,2970.91259765625,2615.771484375,1928.553955078125,1360.4644775390625,2126.20654296875,975.2694702148438,2034.6412353515625,3476.473388671875,1904.6744384765625
714.581,747.604,828.6480102539062,703.7293701171875,802.1575317382812,759.4700927734375,835.7119140625,752.97900390625,606.3011474609375,886.6875,421.1128845214844,527.8639526367188,841.678466796875,783.469482421875
715.512,998.85889,1845.96533203125,795.9874877929688,872.8311767578125,1265.24169921875,1180.802734375,871.375,626.6734619140625,959.2075805664062,506.46343994140625,931.3019409179688,1519.3955078125,901.450927734375
716.524,3352.4458,6115.78759765625,2578.493408203125,2813.728271484375,3638.657958984375,3734.61279296875,3372.707763671875,2092.514892578125,2945.18994140625,2356.568603515625,3807.064208984375,5002.70166015625,3297.28759765625
718.539,2092.18762,3381.7958984375,1558.8765869140625,1726.474853515625,1556.2611083984375,2074.57421875,2711.243408203125,1626.7236328125,2236.9072265625,2258.58251953125,2512.553955078125,4029.88720703125,2336.25341796875
721.482,1517.19696,1896.9925537109375,1502.2515869140625,1576.3837890625,1949.728759765625,1292.240478515625,1373.7061767578125,926.5335693359375,1443.57470703125,1033.35009765625,1544.69384765625,1800.15869140625,1374.348388671875
722.513,4295.43433,7601.85009765625,3733.389404296875,3859.77587890625,4958.41650390625,4790.6044921875,5570.685546875,2448.563720703125,3968.394775390625,2655.8916015625,4218.650390625,6182.5341796875,3561.381103515625
723.5,5806.09766,8026.24267578125,5558.31689453125,5585.58154296875,7040.52001953125,5516.12939453125,5178.3330078125,3804.8974609375,5730.58447265625,3996.59228515625,6390.2861328125,6468.6240234375,4893.07470703125
726.581,2719.7262,3143.625732421875,2149.6884765625,2915.150390625,3623.331787109375,2665.114501953125,2491.6552734375,1616.3807373046875,3140.88916015625,1821.7777099609375,2494.440185546875,3122.021484375,2299.310791015625
728.526,737.98187,1291.108642578125,619.2864990234375,736.62353515625,740.5130004882812,841.294921875,617.8899536132812,474.79638671875,736.1261596679688,607.8110961914062,840.4070434570312,1000.7776489257812,618.7811889648438
728.596,2294.23047,2888.510009765625,1992.9847412109375,2352.820556640625,2739.733154296875,2422.00146484375,2262.317138671875,1787.1466064453125,2878.126953125,1114.453369140625,1549.6617431640625,2332.65625,2211.740966796875
731.44,650.15045,525.7666015625,506.43206787109375,451.7827453613281,679.64111328125,587.3040161132812,887.0973510742188,851.0161743164062,957.55078125,349.96466064453125,404.83563232421875,984.7103271484375,1050.6756591796875
738.508,4664.68164,8362.5810546875,4381.8623046875,4448.048828125,6590.0908203125,5074.6708984375,3832.467529296875,3020.005859375,4573.8193359375,1723.470947265625,3228.010498046875,5575.5927734375,4214.8408203125
740.522,2312.60571,4020.942626953125,1938.30322265625,1878.5860595703125,3032.769775390625,2725.846435546875,2264.52783203125,1336.674072265625,2132.420654296875,1285.6356201171875,2343.884765625,3824.997314453125,2012.22607421875
742.539,12126.8584,19405.12109375,10009.16796875,11459.4697265625,14071.9580078125,13570.455078125,11198.83203125,7233.4921875,12124.318359375,7667.10498046875,12680.689453125,19253.85546875,10013.9384765625
743.608,1554.81128,1743.48486328125,1260.3394775390625,1454.92529296875,1816.5880126953125,2152.58935546875,1241.544189453125,1410.61767578125,2026.394775390625,736.6860961914062,1222.8729248046875,1479.6741943359375,1381.246826171875
744.554,11851.21436,20279.193359375,10332.625,12050.6083984375,12017.271484375,13154.13671875,10748.4052734375,7586.78076171875,11434.8505859375,10020.8583984375,13087.9892578125,15395.267578125,10060.5478515625
747.517,1398.37634,2297.27734375,1164.79638671875,1471.5025634765625,1593.7489013671875,1459.655517578125,1134.9637451171875,865.0980224609375,1474.29345703125,789.0072021484375,1329.7734375,1798.8128662109375,1134.99951171875
748.526,1377.77582,2112.04052734375,1170.968505859375,1243.8773193359375,1609.8974609375,1470.656005859375,1536.7589111328125,738.016357421875,1255.463134765625,1060.6226806640625,1537.4390869140625,1971.162353515625,1133.4029541015625
749.522,799.80682,1171.0802001953125,684.6961059570312,772.6940307617188,894.9185791015625,806.0518798828125,843.2371826171875,447.7673645019531,741.161865234375,717.6101684570312,944.9461669921875,1038.81494140625,661.4317626953125
750.543,1910.41235,3287.78515625,1637.125244140625,1789.1246337890625,1833.8729248046875,2283.7939453125,2469.542236328125,1109.684326171875,1776.26025390625,2020.5523681640625,2686.831787109375,2137.791748046875,1391.4385986328125
754.61,839.37842,1060.263916015625,680.1459350585938,929.0576782226562,993.5281982421875,847.93115234375,787.1665649414062,589.850341796875,1000.08935546875,468.3608093261719,620.1710815429688,863.181884765625,877.8816528320312
760.512,648.11368,948.5647583007812,659.367431640625,624.9255981445312,719.6661376953125,810.9749145507812,679.2459106445312,529.3261108398438,598.9315185546875,379.75262451171875,498.5346374511719,656.0004272460938,656.5826416015625
762.507,730.60379,1183.6343994140625,565.0758056640625,538.9513549804688,1250.6822509765625,866.0877685546875,675.9281005859375,460.3407897949219,773.7498779296875,323.4856872558594,575.8281860351562,941.3914794921875,648.842041015625
764.522,2606.65601,3886.877197265625,2577.988037109375,2273.366943359375,3530.068115234375,2857.8134765625,2408.285888671875,1603.734130859375,2301.82763671875,1395.0416259765625,2280.755615234375,3596.807861328125,2230.787841796875
766.538,13770.61816,22358.09375,12451.0380859375,13104.021484375,15693.4287109375,14207.85546875,12483.298828125,9111.16015625,14164.2783203125,8805.6552734375,15035.0205078125,16969.5859375,11181.7333984375
769.622,555.57016,634.2387084960938,447.7074890136719,582.4849243164062,702.3360595703125,519.4769287109375,551.729736328125,323.06671142578125,639.822509765625,417.2025146484375,602.7897338867188,735.65380859375,404.0506286621094
770.568,3358.44714,5565.17333984375,2765.770751953125,3272.65234375,3610.8134765625,3793.07763671875,2985.6123046875,2006.423828125,3245.23681640625,2817.072021484375,4012.285400390625,4789.3125,2392.447021484375
771.637,3511.12207,4233.3193359375,3166.03173828125,3733.8056640625,3919.542724609375,4375.2080078125,2955.02587890625,3103.322265625,4366.6748046875,1634.31103515625,2416.16064453125,3464.953857421875,3026.30322265625
774.481,1336.68622,848.6102905273438,921.6235961914062,800.0240478515625,1556.328369140625,1172.264892578125,2064.09326171875,2007.683837890625,2259.241943359375,417.84942626953125,555.68701171875,2329.814453125,2419.686279296875
775.485,635.867,432.3836975097656,444.5444641113281,383.2584228515625,729.9773559570312,564.424560546875,947.2625732421875,913.5906982421875,1047.1641845703125,223.54747009277344,279.2303466796875,1104.3446044921875,1146.5513916015625
778.513,986.81088,1127.63720703125,981.1343383789062,982.6795654296875,1113.867431640625,943.9964599609375,3385.506103515625,604.720703125,960.769287109375,841.9146728515625,587.22607421875,1115.1982421875,998.1607666015625
779.516,454.7541,551.8108520507812,450.1168518066406,446.5469055175781,500.5256042480469,460.42437744140625,1412.0833740234375,283.9237976074219,439.8013610839844,377.5984191894531,287.2709655761719,516.0313720703125,451.7832946777344
782.495,624.50977,948.03662109375,682.8779296875,620.7984008789062,811.5532836914062,784.6822509765625,570.3870849609375,419.2648620605469,572.929931640625,333.34881591796875,395.078369140625,641.6770629882812,588.9740600585938
785.652,1057.11993,1316.0819091796875,990.8152465820312,1111.89501953125,1051.4371337890625,1217.06396484375,1149.523193359375,861.4608154296875,1250.8714599609375,512.6148681640625,666.1296997070312,1361.8411865234375,1007.8389282226562
786.527,796.03683,1051.8695068359375,714.0887451171875,677.9800415039062,883.0477905273438,1047.54833984375,859.043701171875,605.1946411132812,763.880126953125,466.5158386230469,850.7227783203125,1029.85302734375,684.9446411132812
788.543,1919.56128,2735.264892578125,1644.68603515625,1673.2562255859375,1873.814453125,2616.71337890625,2036.984130859375,1426.8408203125,1763.713134765625,1970.2144775390625,2654.599365234375,1992.4208984375,1655.3184814453125
789.546,836.04028,1218.991455078125,701.7132568359375,719.1134033203125,792.1232299804688,1157.066650390625,895.2210083007812,605.818115234375,804.1903686523438,841.1179809570312,1165.603759765625,895.694580078125,723.9937133789062
790.54,626.71176,971.823486328125,527.7183837890625,541.6893920898438,839.1663208007812,647.5682373046875,587.006103515625,393.9918212890625,629.3541259765625,464.7205505371094,689.718017578125,755.8744506835938,499.0198059082031
792.552,848.54901,1211.48876953125,779.4531860351562,782.7345581054688,982.8466186523438,787.6218872070312,865.557373046875,506.32086181640625,798.7810668945312,717.4972534179688,1041.7955322265625,1134.71923828125,686.1131591796875
794.509,625.20178,581.3442993164062,662.7124633789062,656.9915771484375,759.4495849609375,607.2474365234375,986.6358032226562,443.5533142089844,569.84375,487.3133850097656,451.8580017089844,807.573486328125,587.9019165039062
794.567,1204.63251,1947.134521484375,1084.6302490234375,1258.7130126953125,1187.44482421875,1131.49609375,1137.93896484375,802.8812255859375,1198.200927734375,1315.6629638671875,1801.17333984375,1305.4149169921875,896.3973999023438
795.636,572.51187,760.1013793945312,387.112548828125,542.489990234375,692.0191650390625,511.0088806152344,575.9025268554688,288.46240234375,683.8722534179688,488.73553466796875,681.9280395507812,881.0073852539062,445.94000244140625
797.652,3380.63562,4014.98681640625,2574.5458984375,3421.2734375,4410.8662109375,3105.39794921875,3358.013916015625,1831.063232421875,3875.3740234375,2519.474609375,3560.815673828125,4391.71142578125,2642.29833984375
799.666,3610.81445,4821.84423828125,3059.8916015625,3665.328369140625,4158.9755859375,3798.305908203125,3776.70263671875,2749.92236328125,4471.51123046875,1846.84521484375,2491.609619140625,3877.0283203125,3393.650634765625
809.515,1022.84164,1344.349853515625,896.2177124023438,947.6521606445312,1155.75048828125,1291.6927490234375,1107.92822265625,841.332275390625,1189.4111328125,432.4683837890625,649.7811279296875,1438.7291259765625,822.1550903320312
827.558,966.22211,264.9440612792969,843.3002319335938,781.9827880859375,1226.239501953125,1389.672607421875,1285.6197509765625,3127.78857421875,731.6873779296875,2135.208251953125,1243.1351318359375,336.99176025390625,837.5466918945312
832.508,713.83459,1089.89599609375,748.179931640625,652.7600708007812,934.0942993164062,703.0536499023438,633.7791137695312,438.166748046875,752.923095703125,430.7066650390625,642.4501342773438,820.0419921875,562.5180053710938
833.514,1312.97382,2638.434326171875,1128.0009765625,1140.0595703125,1489.1397705078125,1898.06884765625,1314.1451416015625,876.8495483398438,1187.466796875,719.0901489257812,1253.421630859375,2137.70166015625,1099.1754150390625
835.53,3016.28772,4471.146484375,2522.90625,2797.37060546875,3455.223876953125,3470.212890625,3141.96337890625,2026.742431640625,2735.4072265625,2003.4400634765625,3277.577880859375,4612.2705078125,2448.369140625
836.534,1432.10822,2097.910888671875,1215.0291748046875,1309.2489013671875,1609.47119140625,1621.65234375,1515.43408203125,976.457763671875,1331.44091796875,988.449951171875,1549.4381103515625,2148.892822265625,1175.6256103515625
837.545,1138.48102,1470.2333984375,965.9754638671875,1072.3834228515625,1369.520751953125,1309.4600830078125,1007.2442016601562,846.8992919921875,1555.2847900390625,539.7061767578125,764.5011596679688,1373.9896240234375,848.2243041992188
855.561,1354.76172,2161.76220703125,1096.8509521484375,1334.3294677734375,1553.2938232421875,1397.7171630859375,1134.861572265625,828.693115234375,1422.447998046875,820.7890625,1334.955078125,2101.29833984375,1195.5660400390625
857.514,2853.59558,5716.1083984375,2265.74658203125,2369.6240234375,3430.07861328125,3714.59326171875,2853.48193359375,1942.0755615234375,2667.928955078125,1537.6962890625,2732.38623046875,4244.599609375,2452.2744140625
857.576,1579.01794,2499.139404296875,1465.4827880859375,1735.275390625,1548.88671875,1572.624755859375,1293.15869140625,1078.5355224609375,1596.6654052734375,1319.983154296875,1752.6944580078125,1912.7525634765625,1403.9677734375
859.527,1249.21252,2470.888427734375,943.1753540039062,948.29248046875,1522.784912109375,1648.1171875,1376.2835693359375,771.859130859375,1152.2850341796875,802.349609375,1381.82421875,2116.661376953125,1018.1885375976562
861.545,3094.0282,5294.7255859375,2761.65771484375,2858.067626953125,3250.763427734375,4175.1435546875,3034.071533203125,1981.0546875,2694.531005859375,1812.8665771484375,3430.647705078125,4973.9189453125,2641.506103515625
862.603,1088.40442,1273.869384765625,1100.39453125,1104.0675048828125,1214.601318359375,1340.4703369140625,2805.420654296875,905.4468994140625,1160.341552734375,614.35302734375,480.74468994140625,898.6915283203125,941.8857421875
863.561,4603.13281,5602.13671875,4496.56787109375,4719.9169921875,5683.72705078125,4022.317626953125,4373.90771484375,2895.8984375,4331.697265625,3068.753173828125,5482.2734375,5970.4013671875,3692.965576171875
870.597,10312.12598,1616.89453125,7849.2041015625,6913.29833984375,17296.724609375,20775.2265625,19210.19140625,34120.9453125,6861.77685546875,18885.603515625,13814.982421875,1175.9759521484375,6894.81591796875
876.618,547.14108,615.9830322265625,605.2457885742188,578.524169921875,552.7318115234375,562.5989990234375,1680.8707275390625,433.76068115234375,556.0302734375,427.1488952636719,265.4901428222656,573.3235473632812,513.705810546875
878.598,1115.73956,976.6388549804688,1546.7020263671875,1379.170654296875,1142.3681640625,1284.5804443359375,2044.718505859375,1155.560302734375,1310.1214599609375,431.8052062988281,305.75506591796875,1225.19677734375,1030.827392578125
879.561,824.32764,1199.1024169921875,824.5961303710938,899.85791015625,909.2615356445312,722.8051147460938,681.7235717773438,526.8699340820312,862.3673095703125,544.740478515625,776.3812255859375,904.976806640625,839.823974609375
881.616,225.31832,284.5633850097656,211.93858337402344,230.0522003173828,230.80514526367188,360.04339599609375,393.0369873046875,170.82565307617188,198.95919799804688,196.1646270751953,147.8489990234375,212.79745483398438,217.78456115722656
883.528,1504.73663,1945.772705078125,1328.1917724609375,1212.2222900390625,2165.135986328125,1709.788330078125,1413.7774658203125,903.8778686523438,1290.51953125,990.9476318359375,1690.4874267578125,2322.5595703125,1251.8609619140625
883.59,663.4017,1080.6973876953125,570.293212890625,663.404296875,655.5153198242188,757.962158203125,578.97314453125,413.46875,678.4808349609375,535.1265869140625,770.0945434570312,823.3507080078125,572.7488403320312
885.545,24103.18262,36032.296875,21945.939453125,22415.486328125,28356.517578125,27687.234375,21318.84375,15636.697265625,21720.125,15818.2275390625,26994.373046875,28577.77734375,21162.1015625
886.548,12654.61426,19194.439453125,11577.89453125,11927.177734375,14497.25,14511.46875,11002.748046875,8257.240234375,11341.55859375,8293.626953125,14244.7529296875,15343.53125,11258.32421875
890.633,1601.64197,2063.406494140625,1582.582763671875,1572.7191162109375,1669.5277099609375,1412.575927734375,4228.0693359375,1188.465087890625,1949.087646484375,1013.2968139648438,806.0795288085938,1400.496337890625,1608.611572265625
892.613,1092.57825,918.9554443359375,1499.5732421875,1275.2498779296875,1083.7266845703125,1114.02197265625,2771.243896484375,988.2999877929688,1189.88623046875,606.95068359375,361.14306640625,1326.106689453125,1070.5615234375
893.616,570.92087,544.173828125,729.2423706054688,655.8580322265625,552.7334594726562,600.452392578125,1294.5411376953125,495.3448486328125,608.65234375,329.68212890625,223.2135772705078,700.52783203125,576.23291015625
894.626,358.69391,424.2664489746094,373.3348693847656,365.8556213378906,316.632080078125,490.37432861328125,842.514404296875,285.6798095703125,340.76690673828125,280.86920166015625,182.85768127441406,436.3836364746094,373.19903564453125
896.609,232.10474,269.66217041015625,198.08441162109375,201.15484619140625,252.2522430419922,422.13641357421875,384.7325744628906,214.47799682617188,218.013916015625,218.26373291015625,158.64515686035156,203.2176513671875,247.09835815429688
898.6,825.38382,886.3362426757812,772.5928344726562,755.3088989257812,895.15966796875,907.9935913085938,857.5758666992188,928.2240600585938,704.93017578125,859.8253784179688,1011.3828125,778.2628173828125,630.6573486328125
905.615,310.30721,325.50927734375,326.9664306640625,329.7019958496094,378.5997314453125,286.45538330078125,801.2863159179688,200.67666625976562,279.9970703125,242.48095703125,164.20762634277344,405.10467529296875,329.4233703613281
910.623,332.26161,457.2462463378906,292.82635498046875,317.91082763671875,322.5524597167969,513.8436279296875,578.3964233398438,225.23391723632812,320.7435302734375,308.2693176269531,262.1114501953125,339.8232116699219,348.4595642089844
922.614,508.38153,681.1820068359375,451.613525390625,469.207763671875,591.1083374023438,552.4625244140625,618.1270141601562,347.15728759765625,482.99029541015625,553.8132934570312,494.7613220214844,456.5011291503906,502.2633056640625
924.637,352.84387,444.4625244140625,302.4355773925781,310.0379638671875,355.38848876953125,603.1260375976562,746.9866943359375,258.49224853515625,332.0174560546875,384.760498046875,288.4514465332031,331.5457763671875,411.0885009765625
940.56,546.80438,529.3178100585938,457.8639831542969,557.61181640625,1517.1114501953125,508.17645263671875,630.7476196289062,374.00152587890625,476.0733642578125,181.22816467285156,318.3960876464844,451.72784423828125,615.6360473632812
