m/z value,Total,VAN0010-LK-152-8,VAN0012-RK-102-164,VAN0012-RK-102-167,VAN0013-LK-203-8,VAN0016-LK-203-68,VAN0028-LK-4-8,VAN0029-RK-2-82,VAN0030-LK-3-383,VAN0031-LK-2-38,VAN0031-LK-3-63,VAN0033-RK-2-66,VAN0034-RK-4-36
622.444,528.60266,345.81463623046875,612.572509765625,397.67718505859375,780.7432861328125,263.4296875,641.59619140625,759.6001586914062,572.7958374023438,404.27447509765625,407.37860107421875,559.6232299804688,426.9647216796875
650.439,948.2702,879.7952880859375,1712.593017578125,742.2000122070312,294.1100158691406,831.309814453125,3015.08349609375,1101.363525390625,2542.3935546875,615.5753784179688,541.6685180664062,1953.6796875,751.710205078125
650.475,10140.00928,19610.7109375,17520.04296875,11466.1435546875,5578.3046875,9134.201171875,8451.9306640625,20801.509765625,3180.524658203125,18117.384765625,14482.4580078125,14377.0205078125,4214.7294921875
675.543,701.35724,635.097412109375,674.4675903320312,635.3771362304688,779.4765014648438,624.8781127929688,680.227783203125,435.5316467285156,741.068603515625,791.7958984375,653.840087890625,877.0731201171875,576.677978515625
678.47,257.35957,214.36395263671875,436.24798583984375,203.656494140625,102.82852172851562,226.49142456054688,676.7499389648438,283.6839904785156,637.8048706054688,173.5574951171875,153.9599609375,457.9500732421875,198.26048278808594
682.456,224.22825,147.0371856689453,615.0576171875,614.609375,167.83773803710938,228.95037841796875,279.9201354980469,537.2931518554688,137.21371459960938,555.2872314453125,551.5883178710938,159.6724090576172,116.44588470458984
697.477,108.32317,79.86505889892578,304.38836669921875,267.1864013671875,73.01249694824219,63.18187713623047,87.87999725341797,295.5101013183594,51.75358581542969,454.24163818359375,482.741455078125,90.73789978027344,71.85073852539062
701.559,646.99146,693.9323120117188,548.618896484375,599.5084838867188,717.4649047851562,543.0574951171875,804.899658203125,316.73284912109375,505.5951232910156,1069.2640380859375,849.78857421875,755.3705444335938,378.67071533203125
703.574,16118.14502,17475.8828125,17374.16015625,17242.40625,15534.9443359375,18550.73046875,18275.318359375,12585.080078125,15715.80859375,18320.767578125,15324.84765625,14765.03515625,15690.091796875
706.465,609.0773,232.96621704101562,634.1539306640625,514.56640625,865.114990234375,407.99560546875,613.9893798828125,892.76171875,450.6396789550781,222.7415771484375,290.8336181640625,860.9130249023438,800.37548828125
706.537,570.11761,631.0643920898438,489.2469482421875,431.6325378417969,546.0736694335938,456.7515563964844,510.0655517578125,517.8286743164062,365.09259033203125,989.61376953125,1047.030517578125,932.106201171875,471.68988037109375
720.552,220.04739,159.53172302246094,213.80313110351562,175.84231567382812,252.22659301757812,170.3135986328125,160.14151000976562,212.95831298828125,150.76133728027344,294.03387451171875,308.5548095703125,316.9350891113281,234.25106811523438
720.589,118.63343,132.05068969726562,177.90777587890625,129.26356506347656,97.86639404296875,102.71299743652344,95.77894592285156,128.74624633789062,101.5388412475586,174.04440307617188,174.93875122070312,105.92243194580078,125.63288879394531
721.477,428.77957,345.3932800292969,1868.677978515625,2658.926025390625,339.9532775878906,319.318359375,489.93389892578125,1547.0950927734375,187.28195190429688,2105.612060546875,2589.541015625,415.8401184082031,162.1370849609375
723.492,346.96178,315.68389892578125,1572.133056640625,2132.859130859375,282.1497802734375,225.36978149414062,352.8817138671875,1245.3349609375,146.0923309326172,2405.26171875,2667.52001953125,312.75604248046875,149.79493713378906
725.556,2973.7356,2783.9052734375,5789.5576171875,6301.9150390625,2406.89599609375,2896.067138671875,3600.473876953125,3669.0712890625,1901.3719482421875,6253.53857421875,5925.0908203125,2555.640625,1893.103271484375
729.59,454.92172,373.3467712402344,496.64825439453125,542.4552612304688,533.1399536132812,440.1847839355469,767.675537109375,340.9274597167969,288.99200439453125,654.0716552734375,689.9244995117188,478.4732666015625,217.68618774414062
730.537,241.29042,270.4814147949219,210.95773315429688,218.61865234375,268.7344970703125,163.56625366210938,236.04867553710938,179.505615234375,164.3149871826172,346.6027526855469,347.2455139160156,372.1248779296875,144.47921752929688
731.605,3438.15308,2607.617431640625,4454.27734375,4117.958984375,3641.091552734375,4339.41455078125,4869.35400390625,4172.888671875,2805.977783203125,3832.137451171875,3901.822509765625,2859.806640625,2296.543701171875
732.553,1377.43219,1316.4324951171875,1301.4482421875,1336.01708984375,1350.95703125,915.9747924804688,1569.57763671875,914.510986328125,914.4283447265625,3104.785400390625,3201.791748046875,2116.896484375,1198.2039794921875
734.45,599.54224,233.27435302734375,909.8399658203125,685.1107177734375,638.3859252929688,413.46234130859375,931.5377197265625,1088.9244384765625,603.5861206054688,381.77154541015625,397.27947998046875,554.5535888671875,818.9688720703125
734.569,3286.13977,3767.188232421875,3420.9873046875,2704.1572265625,2192.62744140625,2785.045166015625,3264.474365234375,3368.31787109375,2410.081298828125,6052.38037109375,6149.533203125,4365.64208984375,3949.3740234375
739.466,254.62518,206.61465454101562,731.8138427734375,776.898193359375,194.81527709960938,210.1536407470703,277.9081115722656,621.76611328125,135.41827392578125,814.887939453125,951.8167724609375,214.66038513183594,114.60440063476562
741.53,1960.0838,1668.3680419921875,2947.490478515625,2743.481689453125,1648.93701171875,2490.073974609375,2703.12060546875,2225.087646484375,1655.5230712890625,2529.940673828125,2528.63134765625,1693.0474853515625,1357.88671875
742.573,114.43395,169.34719848632812,135.47354125976562,142.37405395507812,117.01840209960938,81.66256713867188,95.3031005859375,94.32964324951172,93.64745330810547,141.40904235839844,126.33596801757812,131.39358520507812,68.1108627319336
744.589,148.25285,216.0093536376953,188.6494140625,207.56089782714844,182.33322143554688,89.55734252929688,116.32051849365234,101.9349365234375,109.69269561767578,173.9586944580078,168.38339233398438,148.85650634765625,93.0296401977539
745.477,198.13463,154.11178588867188,974.876708984375,1314.5899658203125,166.23533630371094,135.7050323486328,211.04022216796875,617.899169921875,85.49552917480469,920.6369018554688,1041.247802734375,154.6809844970703,85.83312225341797
746.568,329.32307,328.8457336425781,331.002197265625,331.0382385253906,386.6116638183594,244.538330078125,277.821533203125,232.24606323242188,235.18829345703125,492.4609375,494.4984436035156,413.3012390136719,234.02206420898438
746.604,154.18499,160.51202392578125,203.00636291503906,178.73703002929688,161.45176696777344,149.30010986328125,143.04393005371094,114.69163513183594,129.48130798339844,238.42051696777344,245.72540283203125,136.98097229003906,107.88529968261719
747.491,185.12876,165.40098571777344,711.5891723632812,832.5291748046875,153.73583984375,117.66168212890625,163.3214569091797,544.634765625,86.82688903808594,1124.255859375,1199.803955078125,151.26063537597656,82.45886993408203
748.583,150.09529,139.55564880371094,170.6258544921875,159.90292358398438,152.54171752929688,111.62852478027344,124.1825180053711,142.32608032226562,104.29742431640625,255.18106079101562,260.6679992675781,167.72862243652344,125.59979248046875
749.507,150.22124,127.30548095703125,552.26953125,718.2664794921875,120.9637222290039,93.6988525390625,134.34976196289062,461.67657470703125,65.39990997314453,904.2117309570312,996.3955078125,122.99610900878906,49.86663055419922
753.586,571.7977,388.7267150878906,1244.327392578125,1331.1968994140625,515.3553466796875,561.3657836914062,832.0686645507812,1048.410400390625,307.19329833984375,1152.9849853515625,1285.674072265625,472.5023193359375,260.516845703125
756.551,1476.7254,1322.2177734375,2203.776123046875,1828.3983154296875,1352.14697265625,1120.6058349609375,1402.1453857421875,1621.22021484375,907.5028076171875,2931.306884765625,3137.818359375,1788.995361328125,1154.3712158203125
757.621,430.56331,333.263916015625,350.3669738769531,380.625,516.4509887695312,464.3824157714844,625.14453125,317.03900146484375,349.97564697265625,654.2036743164062,668.9886474609375,509.9933776855469,200.73106384277344
758.569,35502.50391,37834.13671875,40083.37890625,43666.51171875,34066.94140625,35607.125,38534.41796875,30718.65234375,29169.76953125,39342.55078125,42629.7890625,41479.921875,24049.29296875
759.637,1108.73718,764.1053466796875,1005.0014038085938,824.638671875,1261.6839599609375,1669.0411376953125,1355.123291015625,1188.22412109375,1521.681640625,1147.18310546875,1005.0178833007812,895.7510375976562,891.5425415039062
760.584,27642.99902,31746.494140625,30685.2109375,33954.4609375,27243.40625,21644.49609375,25981.353515625,24221.97265625,20227.716796875,40450.41015625,39664.0859375,28894.99609375,21931.44140625
766.573,449.21318,545.9741821289062,670.1226806640625,781.8316040039062,538.31787109375,278.2414855957031,354.7214660644531,285.2901611328125,369.0245666503906,537.9691162109375,455.9814758300781,431.3333740234375,294.99444580078125
768.587,308.10168,403.1866149902344,511.5219421386719,540.0760498046875,355.34356689453125,208.11643981933594,302.010009765625,228.61798095703125,220.9696502685547,379.9886474609375,414.77105712890625,257.0393981933594,172.26254272460938
769.56,455.29134,323.0775146484375,708.0787353515625,649.5181884765625,450.2072448730469,544.5785522460938,665.1629638671875,596.4559326171875,328.7431945800781,542.4196166992188,639.161865234375,394.0698547363281,254.5262451171875
772.524,362.13618,329.6195983886719,530.1639404296875,362.1094970703125,226.03970336914062,363.6197204589844,404.096923828125,489.74493408203125,250.6501922607422,655.4242553710938,778.4857177734375,426.94085693359375,317.3429870605469
772.584,727.84387,687.6431884765625,802.5806884765625,1091.3250732421875,845.4542846679688,652.0243530273438,695.4552001953125,597.39208984375,536.2708129882812,879.8777465820312,973.7818603515625,800.3237915039062,366.57318115234375
774.564,458.72472,314.66302490234375,1244.371337890625,750.59619140625,434.002685546875,522.21728515625,374.7402038574219,605.846435546875,394.0448303222656,662.466796875,594.773193359375,354.1828308105469,411.15643310546875
774.599,522.28482,541.9693603515625,580.6827392578125,776.347412109375,601.0599365234375,393.5370788574219,455.30169677734375,423.32763671875,368.75299072265625,833.6073608398438,863.344482421875,533.4120483398438,303.3532409667969
778.512,368.88727,239.54080200195312,607.3929443359375,279.8370056152344,235.85665893554688,242.6098175048828,860.6796264648438,400.91571044921875,936.9603271484375,242.3917236328125,230.42474365234375,593.2308959960938,393.0877685546875
780.551,5655.66357,5290.5791015625,9467.490234375,11485.119140625,5086.4111328125,4731.107421875,6435.689453125,6734.17578125,3273.091552734375,9794.2177734375,11415.4248046875,6214.73046875,2996.9052734375
782.568,18454.22559,19251.443359375,27807.34765625,31692.123046875,18728.87890625,16192.3310546875,20292.95703125,16749.2109375,13888.4306640625,25915.505859375,26878.65234375,17305.77734375,14285.087890625
784.583,10320.07422,11209.13671875,11147.771484375,12055.13671875,10656.5546875,8700.2490234375,9563.8515625,8211.248046875,8550.1640625,16441.04296875,15883.173828125,10974.0087890625,6587.376953125
785.652,860.63013,734.1028442382812,723.5896606445312,829.5317993164062,1041.1773681640625,845.83056640625,966.9715576171875,592.6560668945312,843.3479614257812,967.88330078125,905.7142333984375,1020.6403198242188,523.345703125
786.599,10792.93311,12485.64453125,11487.3173828125,12591.0556640625,11255.302734375,9109.2373046875,9328.1123046875,9318.0,9009.6357421875,16889.23828125,16225.275390625,11163.7587890625,6447.927734375
787.668,3545.01074,3583.10595703125,4090.6025390625,3852.803955078125,3760.276123046875,4612.05224609375,3718.740478515625,3370.8828125,4538.115234375,3066.874755859375,2656.962646484375,2656.011474609375,2981.135498046875
790.512,5232.28564,1842.9306640625,5138.59619140625,4149.6943359375,5722.46875,3071.852783203125,6333.056640625,9327.4765625,4599.16650390625,2560.703857421875,2959.294921875,6568.4443359375,7534.78515625
796.525,3540.05896,3092.843017578125,5035.736328125,5313.7958984375,3046.852783203125,4000.1328125,4750.9072265625,4100.67578125,2568.894287109375,4128.05615234375,5157.42333984375,3960.212646484375,1849.86669921875
796.583,224.48595,210.42218017578125,285.1902770996094,344.3636169433594,291.53765869140625,171.0760040283203,191.58218383789062,179.59652709960938,175.4133758544922,302.3250732421875,287.1330871582031,187.93638610839844,153.09808349609375
798.539,2965.54089,2771.28564453125,4486.015625,4418.70361328125,2630.76318359375,2734.397216796875,3410.97802734375,3595.637939453125,2006.5816650390625,4911.57421875,5444.01513671875,2935.402587890625,1812.831787109375
804.55,1878.55426,1710.783203125,4143.9970703125,4992.4287109375,1900.249267578125,1474.70947265625,2221.3349609375,2097.27978515625,1085.1041259765625,3274.8310546875,3753.3857421875,1686.3475341796875,1122.7398681640625
806.566,2915.40601,2944.986328125,4042.90283203125,4483.87451171875,3465.127197265625,2236.730224609375,2526.859375,2560.69140625,1893.2318115234375,4700.99267578125,5083.3388671875,2810.852294921875,1573.888916015625
808.582,4126.12939,4154.0947265625,6252.9697265625,6293.7060546875,4387.9091796875,3252.46826171875,3969.39697265625,3882.7548828125,2709.338623046875,7700.3369140625,8307.458984375,3982.20263671875,2313.70458984375
809.65,740.32373,692.3333129882812,1321.041259765625,1467.2158203125,682.6741943359375,765.8840942382812,785.3377075195312,1043.504638671875,595.4853515625,1140.064453125,1129.5791015625,590.6182861328125,426.92254638671875
810.599,4404.62842,5034.4072265625,6521.9130859375,6964.392578125,4633.10888671875,3728.843505859375,4015.318115234375,3822.736572265625,3867.039794921875,7949.50927734375,7892.8125,3607.93408203125,2921.5205078125
811.667,1316.27747,1469.942626953125,1127.03125,1323.901611328125,1413.448486328125,1500.6297607421875,1335.3515625,1034.8037109375,1170.3123779296875,1352.748046875,1419.26708984375,1475.009765625,988.7024536132812
813.683,6635.38379,7066.06787109375,6469.689453125,7452.1103515625,7241.01513671875,7793.46533203125,6640.232421875,5466.72021484375,6595.09716796875,7038.9912109375,7016.32177734375,5850.548828125,5320.923828125
815.698,5280.63867,6569.6318359375,5433.8623046875,5516.13232421875,5740.41015625,5975.9287109375,4888.7822265625,4865.74755859375,6626.63232421875,4723.6943359375,4207.220703125,3902.630615234375,4823.6669921875
816.527,469.34877,241.11572265625,638.0764770507812,492.9344482421875,582.9105224609375,419.4456481933594,453.1683349609375,499.523681640625,365.2572937011719,569.1841430664062,604.492431640625,433.26776123046875,427.86505126953125
818.543,1262.61438,528.2286987304688,1304.68505859375,946.5698852539062,1491.80615234375,754.965087890625,1430.3466796875,2203.271484375,1283.8232421875,700.4212646484375,767.726806640625,1483.5828857421875,1533.187255859375
820.524,1319.24341,1069.345703125,2403.981689453125,2414.723876953125,1329.1588134765625,1380.581298828125,1786.295166015625,1449.18798828125,1007.8201904296875,1451.3238525390625,1765.967529296875,1138.322265625,850.5616455078125
822.538,941.65201,830.93701171875,1299.397216796875,1238.4893798828125,909.351806640625,913.3173828125,1057.81982421875,958.8575439453125,729.2211303710938,1515.860595703125,1717.218994140625,949.0022583007812,473.11663818359375
824.555,1051.55249,995.4803466796875,1471.8623046875,1411.95068359375,997.6036376953125,1051.6456298828125,1097.804443359375,1168.436279296875,811.9183959960938,1722.67822265625,2007.13037109375,1023.9216918945312,488.29302978515625
830.552,773.78833,482.4273681640625,1118.6419677734375,973.374755859375,864.9061279296875,611.8370361328125,863.1731567382812,851.82568359375,617.8468017578125,741.076171875,868.7012329101562,873.0890502929688,590.16943359375
832.581,656.37021,657.1173095703125,1194.373779296875,1302.6495361328125,743.7108154296875,461.443115234375,592.70556640625,641.9329833984375,436.9371032714844,1409.6527099609375,1511.6201171875,554.9744262695312,342.388671875
835.665,1142.71265,1055.6072998046875,1934.226318359375,2589.25244140625,1098.461669921875,1112.31103515625,1239.0892333984375,1470.175537109375,724.1427001953125,2247.958251953125,2559.78271484375,959.76220703125,607.6723022460938
837.68,948.30075,1017.4034423828125,1689.8250732421875,1956.1536865234375,902.015869140625,876.8140869140625,934.94091796875,1358.615234375,765.1387329101562,1532.1163330078125,1548.6611328125,651.6580810546875,571.666015625
843.611,380.09081,163.6726531982422,387.3692932128906,297.091796875,573.21240234375,381.59210205078125,364.93585205078125,611.1197509765625,343.1088562011719,127.69969940185547,140.17596435546875,386.1210632324219,625.8082275390625
845.672,509.03871,639.5643920898438,429.79669189453125,548.89013671875,648.1995849609375,375.0116882324219,491.6205139160156,266.5482482910156,383.086181640625,538.3915405273438,596.34912109375,720.9745483398438,261.7655029296875
848.555,390.07289,340.3780822753906,673.5604248046875,603.5726928710938,381.49371337890625,375.63958740234375,426.72894287109375,408.83026123046875,335.9190368652344,597.4819946289062,679.215087890625,307.5469665527344,219.40579223632812
851.639,711.3125,585.0872802734375,933.6331787109375,1049.0770263671875,702.8616333007812,922.0540161132812,864.1787109375,816.3338623046875,612.7166748046875,836.1756591796875,1015.6748657226562,589.3873291015625,397.7129821777344
853.653,616.34882,605.3330078125,847.6892700195312,835.8622436523438,590.2740478515625,764.0302734375,692.9822998046875,812.4844360351562,668.025390625,620.2100219726562,663.951171875,440.1398010253906,379.9038391113281
867.657,243.00799,261.03350830078125,261.12744140625,340.6629638671875,330.71917724609375,212.3617401123047,269.24200439453125,126.44035339355469,206.63853454589844,190.33029174804688,214.79177856445312,285.49359130859375,134.08209228515625
894.597,308.71082,51.38199996948242,480.25244140625,258.1874084472656,505.9639892578125,424.3309326171875,421.9222717285156,1522.787841796875,124.70076751708984,801.0206298828125,583.1363525390625,35.424659729003906,185.56629943847656
910.57,231.32387,63.89671325683594,344.8065185546875,188.55284118652344,354.4888916015625,397.4693603515625,340.0667419433594,1025.50244140625,123.36469268798828,428.2527770996094,344.23406982421875,46.627601623535156,140.7840576171875
914.636,270.70537,220.3699493408203,330.98016357421875,289.73004150390625,421.04638671875,255.03871154785156,233.19139099121094,250.39813232421875,201.63302612304688,332.5439758300781,304.67376708984375,228.0347900390625,187.59097290039062
916.579,124.04593,22.611644744873047,305.25531005859375,200.5163116455078,169.30084228515625,151.74595642089844,170.58428955078125,1017.4441528320312,39.8994255065918,604.2196655273438,457.613525390625,10.715456008911133,62.135398864746094
916.651,237.79668,227.85995483398438,295.7275085449219,266.3758544921875,319.93170166015625,196.84716796875,208.04901123046875,184.49917602539062,177.8919677734375,333.04736328125,307.41998291015625,217.3074493408203,151.29327392578125
932.553,158.54175,39.609920501708984,329.67413330078125,209.3629150390625,200.5399169921875,183.00344848632812,195.18296813964844,1007.98193359375,77.81172943115234,464.633056640625,393.108154296875,48.76912307739258,106.59696197509766
941.635,376.01157,371.9298400878906,341.970947265625,414.3012390136719,508.2514343261719,384.0248718261719,398.9763488769531,227.63430786132812,345.7772521972656,325.93707275390625,347.17413330078125,429.492919921875,209.719482421875
943.65,302.07341,325.9219970703125,270.5651550292969,320.7022705078125,413.07989501953125,271.8835144042969,285.8912353515625,179.19520568847656,269.89752197265625,324.4653625488281,330.4637451171875,323.4488220214844,178.4319610595703
