m/z value,Total,VAN0010-LK-152-8,VAN0012-RK-102-164,VAN0012-RK-102-167,VAN0013-LK-203-8,VAN0016-LK-203-68,VAN0028-LK-4-8,VAN0029-RK-2-82,VAN0030-LK-3-383,VAN0031-LK-2-38,VAN0031-LK-3-63,VAN0033-RK-2-66,VAN0034-RK-4-36
616.475,8966.09619,9831.427734375,7172.37158203125,8470.6708984375,9970.796875,9758.5537109375,11816.9287109375,5395.06982421875,9430.8857421875,8760.3515625,7049.1728515625,10319.4990234375,9623.23828125
630.49,1031.02448,1119.0330810546875,824.7451782226562,1050.3631591796875,1089.9029541015625,1104.444580078125,1147.863525390625,639.6483764648438,1032.033447265625,929.6030883789062,836.583740234375,1152.137451171875,1287.59423828125
642.49,3291.46631,3491.2578125,2607.57421875,3381.730712890625,3524.27197265625,3381.69189453125,4176.94189453125,1967.149658203125,3200.82177734375,3181.83740234375,2874.135498046875,3757.510986328125,3512.25390625
644.505,2692.29993,2786.2470703125,2296.655029296875,2876.83203125,2660.312255859375,3175.410400390625,3200.944580078125,2041.81298828125,2870.751953125,2259.18505859375,2541.81640625,2803.740966796875,2398.909912109375
647.468,595.00427,886.7120971679688,428.1838684082031,459.08660888671875,429.3625183105469,604.2999877929688,604.0365600585938,450.9576721191406,579.65771484375,703.2051391601562,791.74365234375,1008.8276977539062,779.5509033203125
650.406,1067.60181,488.14593505859375,613.1179809570312,509.7706604003906,1422.6041259765625,644.2383422851562,1759.2564697265625,1637.75146484375,1943.46728515625,262.6412353515625,345.8134765625,2387.65625,2291.6689453125
664.422,1709.414,741.5001220703125,962.9214477539062,797.317626953125,2407.76416015625,992.5982055664062,2970.939208984375,2706.771484375,3131.19970703125,323.2845458984375,433.42559814453125,4199.06640625,3916.46630859375
671.468,7405.57983,9531.0869140625,6234.47900390625,7276.25439453125,7854.56689453125,7283.47119140625,8014.669921875,4606.01513671875,7348.681640625,5593.57275390625,6742.67578125,10590.2294921875,5542.83740234375
672.535,1413.56305,1322.62841796875,1053.8515625,1333.232177734375,1496.17333984375,1868.6690673828125,1583.4384765625,1200.5218505859375,1892.0931396484375,1305.681884765625,1443.958740234375,1467.16455078125,1166.4388427734375
673.483,6371.6936,9140.2353515625,5365.13525390625,5895.203125,6741.73046875,5633.2490234375,5410.44970703125,3771.456298828125,5732.9296875,7165.2705078125,7582.5400390625,7988.05078125,5988.396484375
678.437,258.10287,152.6807861328125,160.41787719726562,138.80276489257812,313.49578857421875,181.9139862060547,358.37969970703125,384.9554138183594,453.00823974609375,80.75814819335938,98.72743225097656,517.6663208007812,444.0557556152344
685.483,699.34625,926.8907470703125,528.7439575195312,668.8421020507812,737.9094848632812,668.1051025390625,684.7269287109375,440.2398681640625,695.723388671875,528.853759765625,665.8320922851562,942.2957763671875,672.5693969726562
687.499,848.27298,1060.773681640625,674.8974609375,798.2680053710938,949.7019653320312,763.169677734375,670.1015625,636.5084228515625,886.2755126953125,841.6614379882812,828.828125,908.2769165039062,1024.4693603515625
692.452,410.40372,237.7796173095703,247.97068786621094,211.32957458496094,516.5897216796875,289.23016357421875,601.4896850585938,628.0625,736.949462890625,96.24436950683594,135.13824462890625,903.3321533203125,729.8594970703125
695.467,4194.09668,5301.42578125,4192.349609375,4606.63427734375,4940.232421875,4280.77294921875,3541.259521484375,2359.48974609375,3890.837890625,2822.396484375,3267.4892578125,4269.45947265625,3597.74365234375
697.482,4530.93359,5821.0078125,3616.356689453125,4051.29638671875,5283.67138671875,4266.44677734375,4738.240234375,2582.55029296875,4417.2392578125,4436.04931640625,4743.1767578125,6320.69287109375,3453.505126953125
698.551,1055.11072,995.9407348632812,764.1283569335938,1063.203857421875,1115.082275390625,1115.683349609375,1111.20068359375,773.2390747070312,1253.302978515625,1068.91796875,1257.5286865234375,1260.34326171875,766.5033569335938
699.498,6228.13745,8448.7177734375,5159.77001953125,5701.44482421875,6669.35888671875,6064.1435546875,6051.91552734375,3800.349609375,5897.271484375,6426.35302734375,7468.08740234375,8115.41064453125,4936.9404296875
700.502,2583.88013,3673.4189453125,2091.747802734375,2316.4443359375,2744.17333984375,2537.70263671875,2456.71142578125,1540.5653076171875,2467.00732421875,2757.695068359375,3110.752197265625,3394.1865234375,2047.4588623046875
700.566,2253.87,2413.901123046875,1877.5953369140625,2440.153564453125,2346.39990234375,2714.1044921875,2158.8525390625,1769.854736328125,3154.42138671875,1860.72509765625,1792.49951171875,2050.01953125,1932.2845458984375
701.513,2803.4646,4018.789794921875,2334.122314453125,2362.11474609375,2959.901611328125,2814.057373046875,2346.330810546875,1680.438232421875,2675.418701171875,3589.454345703125,3983.90185546875,3171.30224609375,2693.216064453125
714.509,3200.89575,5669.9423828125,2429.56201171875,2741.49560546875,3633.555908203125,3946.06591796875,4345.9375,2243.171630859375,2864.571533203125,2191.591796875,3467.595703125,4377.1904296875,2100.77783203125
714.581,643.14645,664.2748413085938,566.6838989257812,716.5863647460938,634.0181274414062,670.85986328125,568.055908203125,425.43133544921875,773.7904663085938,660.077880859375,478.7005615234375,648.7816162109375,659.3129272460938
715.512,1376.36023,2412.36083984375,1058.2469482421875,1184.2147216796875,1518.5125732421875,1678.7674560546875,1794.305908203125,960.5704956054688,1245.606201171875,1005.3798217773438,1474.4918212890625,1869.2227783203125,972.0570678710938
716.524,3028.23779,5615.5,2211.442626953125,2420.24951171875,3327.95703125,3321.99951171875,3182.93603515625,1836.765380859375,2475.253662109375,3408.44775390625,4204.16650390625,4233.8291015625,2777.1787109375
718.539,1131.53973,1811.333251953125,785.2720947265625,847.154052734375,828.859130859375,1209.19091796875,1228.157958984375,801.00146484375,1095.8153076171875,1271.1236572265625,1598.04931640625,1954.7283935546875,1408.7340087890625
721.482,1742.76489,2072.984375,1693.6993408203125,1799.289794921875,2027.8426513671875,1587.9422607421875,1518.278564453125,1008.0641479492188,1588.0684814453125,1373.45849609375,1695.7529296875,1980.69970703125,1445.1444091796875
722.513,3973.27185,6875.09228515625,3255.144775390625,3229.3662109375,4392.2958984375,3581.9599609375,5723.8974609375,1903.4124755859375,3835.049560546875,3815.572998046875,3280.663330078125,5819.4228515625,3386.567626953125
723.5,7042.51733,9379.099609375,6581.64013671875,6462.4267578125,7692.3818359375,7024.923828125,6824.5751953125,4774.8955078125,6930.56884765625,5966.8134765625,7699.7099609375,7807.740234375,5535.24755859375
726.581,4302.45776,4760.5478515625,3119.8603515625,4724.44287109375,4815.2021484375,4732.49267578125,4424.31640625,2846.67529296875,4996.95263671875,3720.85400390625,3974.13525390625,4176.2958984375,3704.1025390625
728.526,624.47321,944.0979614257812,485.5437316894531,571.1062622070312,618.6937255859375,598.3712158203125,570.7711791992188,377.85821533203125,609.4927978515625,670.0230712890625,749.767333984375,852.5133666992188,484.33453369140625
728.596,2985.73083,3809.72265625,2255.845703125,3066.31640625,3302.5771484375,3278.804931640625,2933.972900390625,2155.1162109375,4196.154296875,2280.29638671875,2075.71728515625,2634.334716796875,3016.096923828125
731.44,570.4657,416.852783203125,441.7802734375,379.4424743652344,611.64501953125,452.87603759765625,725.5260620117188,756.2927856445312,827.978759765625,360.7858581542969,376.56439208984375,870.6336669921875,894.8677368164062
738.508,6484.729,10403.173828125,5807.6240234375,5979.83251953125,7985.03173828125,8008.56494140625,6690.45458984375,4319.64111328125,5930.7880859375,4178.1796875,5360.0498046875,6938.38671875,5143.9697265625
740.522,2813.26489,4350.41015625,2207.67236328125,2156.903076171875,3198.57470703125,3279.72900390625,3404.734619140625,1648.712646484375,2541.23486328125,2696.6826171875,3493.49658203125,4033.609619140625,1969.7109375
742.539,14320.96436,19343.51171875,11683.126953125,13524.646484375,14506.578125,14960.701171875,16117.453125,8985.0322265625,14000.9951171875,12073.015625,16097.158203125,20540.818359375,9509.4189453125
743.608,1869.08466,1703.8997802734375,1371.605712890625,1770.2899169921875,1890.3131103515625,2537.852294921875,2071.5,1719.1077880859375,2685.5986328125,1650.2391357421875,1846.098876953125,1946.67138671875,1590.4366455078125
744.554,8922.60986,13421.880859375,7119.06982421875,8114.1142578125,9293.7109375,8168.46826171875,8164.14990234375,5093.240234375,8124.6572265625,11084.3447265625,11342.4111328125,11855.4404296875,7376.02587890625
747.517,1461.37213,2229.296875,1137.4803466796875,1437.279052734375,1602.0321044921875,1467.9805908203125,1311.82421875,869.8406982421875,1453.671875,1331.0849609375,1546.177734375,1695.1229248046875,1087.292236328125
748.526,1215.92163,1783.1099853515625,1018.16552734375,1044.921142578125,1389.4873046875,1197.5286865234375,1339.9869384765625,594.2886962890625,1108.341064453125,1213.8564453125,1197.3455810546875,1632.974609375,1013.2261352539062
749.522,711.08197,1004.8221435546875,616.7218627929688,677.9389038085938,773.7000732421875,674.8026123046875,697.0850219726562,357.7673645019531,655.6536865234375,727.320556640625,727.020263671875,873.6087646484375,600.3116455078125
750.543,1497.2475,2457.266845703125,1351.8616943359375,1358.918701171875,1499.7947998046875,1454.2647705078125,1786.179931640625,715.092529296875,1405.453857421875,1765.0670166015625,1542.861572265625,1767.699951171875,1216.82373046875
754.61,1118.22229,1402.6396484375,796.0460205078125,1218.31396484375,1200.11376953125,1192.040283203125,1074.866455078125,761.7570190429688,1434.487548828125,856.10302734375,814.8365478515625,1017.0396118164062,1172.007080078125
760.512,542.77032,793.6048583984375,529.901123046875,484.8707580566406,639.13330078125,643.0785522460938,470.6744689941406,329.04150390625,465.93292236328125,502.4509582519531,456.886962890625,577.227783203125,578.7192993164062
762.507,1175.77313,1889.75634765625,821.1442260742188,819.6461791992188,1754.5672607421875,1616.467529296875,1304.6884765625,755.0387573242188,1151.1475830078125,924.0821533203125,995.2352294921875,1500.6552734375,996.4495849609375
764.522,2728.90295,3775.863525390625,2492.9287109375,2219.58251953125,3333.956787109375,3261.40478515625,2614.3369140625,1633.4500732421875,2350.5029296875,2322.897216796875,3039.48046875,3340.534912109375,2112.2060546875
766.538,16248.09766,23219.380859375,14478.69140625,15454.904296875,16496.533203125,17768.5625,15500.3291015625,10814.4189453125,16337.67578125,14229.91015625,19640.76171875,17953.435546875,11615.037109375
769.622,1053.85394,1047.234130859375,746.3217163085938,1089.3162841796875,1086.28662109375,1024.7781982421875,1140.5457763671875,697.4089965820312,1184.7626953125,1130.3892822265625,1280.306396484375,1382.0814208984375,708.6249389648438
770.568,3011.45361,4311.8857421875,2311.035888671875,2749.496337890625,3128.6552734375,2731.007080078125,2727.16796875,1765.73681640625,3047.46337890625,3567.76904296875,3905.39453125,4138.46923828125,1751.2200927734375
771.637,3828.76257,4309.0703125,3125.883544921875,4153.052734375,3877.677001953125,4633.5712890625,3841.956787109375,3000.019287109375,5181.33154296875,3174.309326171875,3040.9638671875,3517.9873046875,3251.335693359375
774.481,1184.56592,678.549560546875,799.9808959960938,686.9190673828125,1420.0762939453125,906.1863403320312,1963.100341796875,1842.4132080078125,1984.998291015625,490.65435791015625,596.8560791015625,2215.77197265625,2093.0947265625
775.485,571.37476,349.61767578125,389.7271728515625,335.05194091796875,664.048583984375,444.5250244140625,886.4202270507812,839.891357421875,925.1907958984375,257.04339599609375,292.156494140625,1048.576904296875,1000.4835815429688
778.513,953.30243,1440.6876220703125,720.1682739257812,746.9768676757812,1151.840087890625,1129.03173828125,1876.6463623046875,317.8760681152344,1022.6806030273438,1496.6513671875,487.2934265136719,1183.41357421875,1170.972900390625
779.516,444.33679,675.5928955078125,358.39288330078125,361.3836669921875,517.0367431640625,534.07763671875,803.8071899414062,161.0338592529297,466.6599426269531,622.405029296875,244.16586303710938,545.0913696289062,522.9404296875
782.495,781.41174,1114.4805908203125,811.2656860351562,733.0250244140625,965.888427734375,1065.7386474609375,681.2537841796875,467.386962890625,681.2646484375,532.6256103515625,496.19219970703125,814.748291015625,709.6921997070312
785.652,845.72278,987.3305053710938,712.3046875,915.8226318359375,816.5431518554688,898.599609375,789.795166015625,506.94110107421875,1021.6741333007812,907.292236328125,550.3267211914062,945.1696166992188,753.0072021484375
786.527,963.23029,1249.395751953125,823.5974731445312,779.9616088867188,963.5626220703125,1295.8048095703125,1293.3985595703125,673.2318115234375,916.17626953125,819.4678955078125,1040.122314453125,1310.3388671875,754.6029052734375
788.543,1234.55286,1731.5855712890625,1095.7227783203125,1020.108154296875,1332.8521728515625,1452.92822265625,1092.052001953125,767.9443969726562,1115.59326171875,1599.783935546875,1757.9384765625,1312.3177490234375,1177.1683349609375
789.546,542.29996,786.03662109375,474.4998474121094,438.7502136230469,560.8279418945312,651.3735961914062,479.3104553222656,332.36700439453125,512.5055541992188,684.6931762695312,775.99072265625,591.1416015625,524.2575073242188
790.54,685.85892,1060.5111083984375,574.3759765625,579.4227294921875,871.3427124023438,725.4183349609375,576.3522338867188,415.7116394042969,674.8724975585938,563.29150390625,690.28955078125,822.8280029296875,550.1851196289062
792.552,859.98575,1186.235595703125,794.1181030273438,787.1402587890625,899.1974487304688,859.0914306640625,788.7679443359375,486.6949768066406,798.6497802734375,853.829833984375,1019.8753662109375,1108.8011474609375,640.2229614257812
794.509,596.95462,529.9781494140625,609.3623046875,625.0393676757812,770.8518676757812,527.0994262695312,522.7457275390625,365.42462158203125,525.3331298828125,532.3233642578125,425.77960205078125,771.7416381835938,595.9075317382812
794.567,1131.26996,1621.79931640625,1085.2430419921875,1230.8287353515625,1059.1234130859375,1011.6798706054688,953.6787109375,678.60302734375,1135.5380859375,1323.270263671875,1523.052734375,1173.8817138671875,812.0121459960938
795.636,1229.53912,1654.255615234375,805.5951538085938,1235.211181640625,1132.035888671875,1390.1614990234375,1378.1920166015625,860.5648803710938,1354.64111328125,1053.8260498046875,1385.4013671875,1589.47216796875,1003.1375732421875
797.652,6107.49805,7085.5390625,4393.96044921875,6363.74560546875,6439.58447265625,6850.93310546875,6618.2841796875,4215.3984375,6928.541015625,5237.4912109375,6057.18701171875,6319.41845703125,5030.44482421875
799.666,4814.75488,6424.3671875,3507.720703125,4822.91455078125,5123.9072265625,5365.07763671875,4967.04541015625,3474.54345703125,6662.9716796875,3770.2265625,3397.3291015625,4425.3359375,4840.1396484375
809.515,1419.95123,2045.254638671875,1092.0302734375,1196.2945556640625,1397.0721435546875,1979.211669921875,1842.8463134765625,1050.028076171875,1568.2713623046875,1044.7408447265625,955.799072265625,1871.9019775390625,1012.8697509765625
827.558,829.67355,293.5167236328125,816.4331665039062,784.4580688476562,1193.8646240234375,1384.82373046875,1165.6961669921875,2993.649658203125,771.3121948242188,1336.1832275390625,1074.36181640625,373.9309387207031,912.9354858398438
832.508,1291.95258,2052.11328125,1245.509033203125,1139.021484375,1333.982421875,1428.6817626953125,1381.41796875,894.99072265625,1241.5789794921875,1060.3936767578125,1424.6292724609375,1553.4967041015625,920.4581298828125
833.514,1229.59747,2000.767578125,1037.93408203125,990.0511474609375,1337.2379150390625,1489.7132568359375,1418.779541015625,780.5637817382812,1103.0384521484375,1025.1446533203125,1310.5224609375,1749.7706298828125,890.0062866210938
835.53,2866.97302,3876.6767578125,2233.353271484375,2437.32568359375,3129.081787109375,3048.91455078125,3220.471923828125,1851.9744873046875,2532.501953125,3039.334228515625,3732.22509765625,4054.968994140625,1980.337646484375
836.534,1338.98242,1807.8408203125,1067.560302734375,1130.3050537109375,1437.0567626953125,1421.6844482421875,1486.4664306640625,877.91015625,1220.5250244140625,1389.705810546875,1695.693603515625,1884.4056396484375,954.5519409179688
837.545,1663.94,2236.0029296875,1223.8961181640625,1399.178466796875,1755.3109130859375,2167.0595703125,1705.7940673828125,1267.873291015625,2532.23583984375,1334.81689453125,1151.385498046875,1876.4100341796875,1075.9471435546875
855.561,1667.5899,2208.50537109375,1348.7823486328125,1666.0830078125,1679.624755859375,1608.811279296875,1760.77978515625,1063.5396728515625,1687.177734375,1276.427734375,1699.84814453125,2372.439697265625,1190.805419921875
857.514,2766.1272,4439.46826171875,2213.229736328125,2250.96728515625,3103.30908203125,3244.498291015625,2891.984130859375,1751.567138671875,2566.09423828125,1793.0325927734375,2581.736328125,3883.80126953125,2143.912109375
857.576,1313.03455,1841.451416015625,1118.5118408203125,1310.8192138671875,1271.9560546875,1126.3956298828125,1109.283203125,832.9127197265625,1252.9384765625,1504.77001953125,1603.5709228515625,1609.9876708984375,1131.677734375
859.527,1234.96234,2161.59375,859.4225463867188,862.6922607421875,1397.773193359375,1373.9700927734375,1504.55224609375,692.7357788085938,1185.21484375,1282.9498291015625,1382.660888671875,2006.098876953125,881.2321166992188
861.545,2349.62524,3492.440185546875,1795.374755859375,1803.6468505859375,2483.76806640625,3049.500732421875,2776.309814453125,1347.1904296875,2010.8250732421875,2311.57763671875,3246.90576171875,3603.596923828125,1641.742431640625
862.603,670.76657,1137.10107421875,499.2760009765625,531.9959716796875,773.0514526367188,902.5753784179688,940.7567138671875,227.3707275390625,880.84716796875,998.169677734375,335.65765380859375,638.73193359375,689.2388305664062
863.561,5942.35596,7140.580078125,5009.36083984375,5405.716796875,6744.728515625,5324.19287109375,6717.13525390625,3972.42431640625,5376.8994140625,6887.82958984375,8838.83984375,7305.591796875,4056.377685546875
870.597,7715.69092,1649.498046875,7690.59765625,6983.17822265625,17406.5625,20556.365234375,18512.314453125,33886.7421875,6627.5029296875,15177.564453125,13205.818359375,1163.708984375,7067.3515625
876.618,296.79956,426.6263427734375,257.74700927734375,261.40142822265625,351.0213317871094,344.8143615722656,383.149169921875,135.2971954345703,309.1684875488281,491.95263671875,160.07225036621094,329.97845458984375,338.5068054199219
878.598,398.40508,504.1532897949219,370.2610168457031,364.3451843261719,543.2514038085938,480.15478515625,363.6658630371094,172.67039489746094,369.0303955078125,421.6405029296875,154.71707153320312,515.1785278320312,430.79168701171875
879.561,986.76572,1315.8583984375,1004.6953125,1099.7557373046875,986.4321899414062,905.0846557617188,789.145263671875,605.91650390625,975.0103759765625,745.4775390625,885.23681640625,1014.8228149414062,919.223876953125
881.616,138.41335,168.3002471923828,136.01004028320312,141.8206329345703,155.38011169433594,176.3767852783203,125.82609558105469,74.9620132446289,123.58106994628906,179.46331787109375,107.6090087890625,137.32958984375,156.60882568359375
883.528,1432.06573,1693.9154052734375,1263.2315673828125,1113.2449951171875,1931.2427978515625,1588.27001953125,1316.26953125,851.7034301757812,1228.3907470703125,1066.9365234375,1668.96826171875,2081.643798828125,1143.4393310546875
883.59,630.00897,933.4052124023438,514.5617065429688,596.9522705078125,596.3519287109375,617.8001708984375,544.9819946289062,392.95025634765625,665.917236328125,703.7044067382812,780.2484741210938,760.5870971679688,483.2835998535156
885.545,24529.8457,32532.75390625,22679.7578125,22623.16015625,27438.294921875,27152.53125,23700.806640625,15473.3935546875,21503.314453125,18640.873046875,27585.67578125,27582.794921875,20863.359375
886.548,12966.95703,17465.1875,11992.41796875,12073.208984375,14053.212890625,14280.724609375,12248.158203125,8210.0859375,11285.9091796875,9954.6962890625,14593.546875,14983.2060546875,11129.4482421875
890.633,1204.23944,2581.93896484375,678.8692016601562,771.7626953125,1481.50146484375,1432.8388671875,1853.8099365234375,358.5569763183594,1914.524169921875,1776.040771484375,657.029541015625,1099.8021240234375,1537.8204345703125
892.613,548.64453,702.674072265625,490.0543518066406,484.3206787109375,720.6089477539062,614.3014526367188,565.9761352539062,232.14552307128906,533.2379760742188,650.3389892578125,253.2321014404297,744.0052490234375,616.447509765625
893.616,302.83443,413.2017517089844,273.7999572753906,278.9119873046875,373.9482116699219,337.3067626953125,278.6981201171875,131.54702758789062,282.5384521484375,328.9573669433594,145.5152587890625,406.42669677734375,344.457763671875
894.626,176.65087,242.2276153564453,173.57659912109375,164.36752319335938,195.71588134765625,210.65737915039062,152.6995391845703,86.2198257446289,161.89474487304688,196.35055541992188,95.57637023925781,219.94406127929688,227.5980224609375
896.609,167.9713,200.10000610351562,160.4796905517578,149.18568420410156,204.8932647705078,219.293701171875,134.64236450195312,144.76002502441406,157.6363525390625,176.0408477783203,126.64334106445312,164.5009002685547,198.1786346435547
898.6,835.66187,882.2030029296875,810.5706787109375,811.2550659179688,894.9463500976562,873.219970703125,894.4954833984375,937.4142456054688,751.821044921875,866.9677734375,1032.7908935546875,829.19873046875,609.4489135742188
905.615,187.55303,230.17672729492188,164.82769775390625,169.26829528808594,263.7787780761719,179.56874084472656,231.46812438964844,74.30809020996094,154.0131378173828,290.21392822265625,107.00694274902344,257.57830810546875,219.9755096435547
910.623,258.05049,379.2214660644531,237.44390869140625,247.77586364746094,265.0243225097656,299.4644470214844,193.13946533203125,141.85133361816406,249.20449829101562,282.56817626953125,219.50143432617188,283.31396484375,284.08721923828125
922.614,472.02477,626.7994384765625,454.6163024902344,451.58367919921875,548.88623046875,471.6343994140625,410.9238586425781,318.410888671875,468.4831237792969,569.8941650390625,478.77276611328125,420.15533447265625,478.1500244140625
924.637,265.68869,331.67523193359375,256.0628662109375,246.47329711914062,283.6596984863281,306.3501281738281,189.7029571533203,174.45484924316406,267.1318359375,332.08587646484375,231.39285278320312,280.1081848144531,323.07696533203125
940.56,1219.80713,1698.017333984375,765.94140625,1020.1111450195312,3654.578857421875,1476.7081298828125,1976.747314453125,731.247802734375,1061.505126953125,847.0894775390625,585.15234375,754.6148681640625,1728.97265625
