0
1881.314
4877.49
63014.895
4773.4644
1746.4226
1980.8257
736.33105
5398.8276
117692.7
2489.3867
2005.346
1410.2773
6136.6934
1060.6364
1892.7178
27304.309
1118.1909
889.6278
7497.392
4267.577
3238.418
27494.602
1120.0946
18830.598
1269.4384
1588.2018
629.46484
1339.6532
5108.6543
646.2218
1104.6641
866.4808
1639.5156
4205.4434
1153.3125
49214.59
4981.8926
78128.99
8132.1816
2214.7756
1126.8846
3089.4272
2073.2979
1565.8387
2876.729
1885.053
9256.755
32527.104
18578.373
1964.6454
28156.408
8637.41
20096.371
6196.545
883.8783
9647.553
4191.532
6074.2227
8206.65
1718.1956
16492.877
3555.5818
13460.83
16231.336
2406.0256
5380.912
4112.875
2191.0574
3182.5596
1762.5519
1928.5469
2719.3743
2740.8801
5277.1904
2992.2021
1447.3755
1721.703
1903.6321
1127.4089
1164.6405
975.4375
835.1554
628.24054
908.6304
631.73444
1013.81885
1041.6831
