0
39387.332
4446.9297
11329.901
7210.774
8203.73
7218.5527
15598.44
13740.225
4027.727
23664.285
2568.4473
2497.3423
3373.4744
4884.2227
8466.103
11223.236
2670.1353
14890.47
6767.2437
6421.5674
12228.253
7458.5054
2939.2947
3361.708
10312.292
13815.529
4994.9
19550.617
11680.4
13553.3955
2769.058
12990.315
2966.0002
14390.216
6950.312
29557.838
6030.147
38208.062
3351.1772
5700.605
3584.0352
12390.491
4570.3257
2617.523
3711.3865
8817.099
31512.375
2677.3057
13875.009
10026.6875
7943.1133
4132.988
16264.472
7370.965
2987.1128
4559.4155
2837.7168
7859.0054
3315.0146
2448.0312
4641.383
15367.181
6719.6235
3952.668
17574.482
18335.074
4219.673
12680.253
3115.857
4422.444
9330.583
5171.7856
8834.329
3615.1914
9830.688
5638.8877
4120.624
13456.26
24408.396
12781.268
25231.266
15951.434
21173.916
2536.2378
14893.257
6199.232
2250.8499
61113.035
33911.473
28502.732
30421.402
17535.754
22902.121
14244.043
3014.1406
8260.136
17977.875
11594.888
29196.424
17982.79
