m/z value,Total,VAN0010-LK-152-8,VAN0012-RK-102-164,VAN0012-RK-102-167,VAN0013-LK-203-8,VAN0016-LK-203-68,VAN0028-LK-4-8,VAN0029-RK-2-82,VAN0030-LK-3-383,VAN0031-LK-2-38,VAN0031-LK-3-63,VAN0033-RK-2-66,VAN0034-RK-4-36
622.444,0.05194,0.054703645408153534,0.058288462460041046,0.049985624849796295,0.06860426068305969,0.0546119399368763,0.0538419671356678,0.05264599993824959,0.04555525630712509,0.05678455904126167,0.06815103441476822,0.04634096845984459,0.04052112624049187
650.439,0.08672,0.05878176912665367,0.09402342885732651,0.052744682878255844,0.12939539551734924,0.07416678965091705,0.12090197950601578,0.053594134747982025,0.1552097350358963,0.046054139733314514,0.053746409714221954,0.0914987325668335,0.06830091774463654
650.475,0.18599,0.28500962257385254,0.15441279113292694,0.12396480143070221,0.2197803407907486,0.08895478397607803,0.08783680945634842,0.18358169496059418,0.21022646129131317,0.17281846702098846,0.1560913622379303,0.21340404450893402,0.17723065614700317
675.543,0.06959,0.0722096711397171,0.07151652127504349,0.05628594383597374,0.07070857286453247,0.060668542981147766,0.06463313847780228,0.051778968423604965,0.06909582018852234,0.07616105675697327,0.059535302221775055,0.10595568269491196,0.06146633252501488
678.47,0.04514,0.056543149054050446,0.055104006081819534,0.03334968537092209,0.05816037580370903,0.035262662917375565,0.05643438547849655,0.03030901402235031,0.05088648572564125,0.039511218667030334,0.05159352347254753,0.024518098682165146,0.033260494470596313
682.456,0.05043,0.05325470119714737,0.05830623209476471,0.04584802687168121,0.049668263643980026,0.04139048978686333,0.044287458062171936,0.050648849457502365,0.05477743223309517,0.050371330231428146,0.05229422450065613,0.0517251081764698,0.053166549652814865
697.477,0.05126,0.05214729905128479,0.04437175393104553,0.04596152529120445,0.06261898577213287,0.0552908331155777,0.053386200219392776,0.03363237529993057,0.06470148265361786,0.030601685866713524,0.030440470203757286,0.05079973116517067,0.05213981866836548
701.559,0.07296,0.0665234848856926,0.04450767859816551,0.04417206719517708,0.06396427750587463,0.06343594938516617,0.07399498671293259,0.060602813959121704,0.07201800495386124,0.09395385533571243,0.07044918835163116,0.10933700203895569,0.07523930817842484
703.574,0.48264,0.5464338660240173,0.459441602230072,0.4723200500011444,0.46026694774627686,0.5644683837890625,0.4905939996242523,0.4787355959415436,0.5279475450515747,0.5357401371002197,0.4753645956516266,0.47881999611854553,0.5296767354011536
706.465,0.063,0.0898687019944191,0.05581701174378395,0.04851381480693817,0.09518664330244064,0.05136369168758392,0.04914040118455887,0.06676813960075378,0.05759811028838158,0.06066609174013138,0.05166447162628174,0.08193781971931458,0.07004483044147491
706.537,0.08315,0.07526742666959763,0.08925067633390427,0.10511665046215057,0.06290587782859802,0.10016021877527237,0.062747061252594,0.0623297281563282,0.08765684068202972,0.07681499421596527,0.08272776752710342,0.062186941504478455,0.07436744123697281
720.552,0.04653,0.06317149102687836,0.048552386462688446,0.05263972282409668,0.04505869373679161,0.04983465000987053,0.049631763249635696,0.04578410089015961,0.048471592366695404,0.04484415799379349,0.049707721918821335,0.04137682542204857,0.04100845754146576
720.589,0.08396,0.10266535729169846,0.07425074279308319,0.06785130500793457,0.10166865587234497,0.07818342000246048,0.08204516023397446,0.08013603836297989,0.08348355442285538,0.08818452060222626,0.0814838707447052,0.1272810846567154,0.0749751478433609
721.477,0.04425,0.06823963671922684,0.06190338730812073,0.05349607393145561,0.05091003701090813,0.04120387136936188,0.038605473935604095,0.04401247203350067,0.06369835883378983,0.03963371366262436,0.04446464776992798,0.03407346084713936,0.05404776334762573
723.492,0.05677,0.045132119208574295,0.059933822602033615,0.05692875012755394,0.04726415127515793,0.051736462861299515,0.0540623776614666,0.055837854743003845,0.050616245716810226,0.04913771152496338,0.04934332147240639,0.0440177321434021,0.045606955885887146
725.556,0.06303,0.05702628940343857,0.05358608439564705,0.05589547008275986,0.0430249385535717,0.0580960214138031,0.05834212899208069,0.05944839119911194,0.05695521831512451,0.0659087672829628,0.06173836439847946,0.055352833122015,0.08182645589113235
729.59,0.0568,0.04201706498861313,0.05384697765111923,0.051270123571157455,0.04370483011007309,0.050473518669605255,0.07386504113674164,0.048013851046562195,0.05011550337076187,0.050877586007118225,0.05897477641701698,0.0524064376950264,0.04713987931609154
730.537,0.07164,0.06092168763279915,0.08397708088159561,0.08483826369047165,0.05614501237869263,0.09694859385490417,0.07128218561410904,0.0642852634191513,0.09509440511465073,0.05794905498623848,0.06711234897375107,0.04726205766201019,0.07604239135980606
731.605,0.22004,0.1689389944076538,0.20619574189186096,0.20378106832504272,0.2228771299123764,0.20517325401306152,0.263285756111145,0.3069511950016022,0.20853345096111298,0.16215385496616364,0.17166505753993988,0.2221129685640335,0.20977534353733063
732.553,0.15227,0.1677522361278534,0.1784556359052658,0.1515609174966812,0.12272746860980988,0.2160245180130005,0.07925371080636978,0.1440863460302353,0.17860740423202515,0.21618543565273285,0.2019633650779724,0.08960264176130295,0.12294867634773254
734.45,0.05127,0.07079089432954788,0.03628382459282875,0.03653517737984657,0.04954919219017029,0.038619667291641235,0.07327240705490112,0.06148825213313103,0.04070363566279411,0.03911955654621124,0.04336443915963173,0.03985415771603584,0.03819230943918228
734.569,0.2079,0.18852335214614868,0.1988021582365036,0.21819664537906647,0.24923385679721832,0.2158861607313156,0.2444901019334793,0.1936590075492859,0.23668935894966125,0.13194777071475983,0.13643981516361237,0.2001681625843048,0.22683311998844147
739.466,0.05187,0.046013232320547104,0.04500410705804825,0.03671795874834061,0.050064098089933395,0.05109453573822975,0.04425790533423424,0.03569686412811279,0.055079828947782516,0.032730042934417725,0.03609601408243179,0.04997921735048294,0.05566476657986641
741.53,0.07804,0.06134732812643051,0.0830012857913971,0.07318639010190964,0.07018867135047913,0.08407455682754517,0.08763287961483002,0.07399394363164902,0.06937122344970703,0.08540793508291245,0.08308205753564835,0.06874282658100128,0.0859311893582344
742.573,0.12487,0.1359107792377472,0.12096776813268661,0.13378767669200897,0.1639210283756256,0.10447908937931061,0.1085917130112648,0.12560781836509705,0.1162632629275322,0.10899372398853302,0.1187213733792305,0.16152365505695343,0.1102299690246582
744.589,0.09121,0.09152304381132126,0.07469992339611053,0.0850987583398819,0.10630041360855103,0.09208851307630539,0.08709412068128586,0.10532163828611374,0.09316954761743546,0.0813797265291214,0.08696411550045013,0.12553849816322327,0.09934768825769424
745.477,0.04052,0.0492330826818943,0.029813019558787346,0.025654854252934456,0.04206228256225586,0.05012737587094307,0.03632139042019844,0.01863238401710987,0.07405553013086319,0.020868642255663872,0.02613045461475849,0.04148123040795326,0.05414203554391861
746.568,0.06032,0.07224699854850769,0.0663103461265564,0.04957905784249306,0.06932784616947174,0.05862172693014145,0.06072615459561348,0.06202302873134613,0.06004728376865387,0.04781688004732132,0.052063457667827606,0.05045647174119949,0.06303760409355164
746.604,0.07497,0.07839856296777725,0.051889922469854355,0.053684160113334656,0.08011292666196823,0.05936304107308388,0.06438582390546799,0.08759494870901108,0.071235291659832,0.06825104355812073,0.06305761635303497,0.10093329101800919,0.08073858916759491
747.491,0.06019,0.05403813347220421,0.06095433235168457,0.06441537290811539,0.060048919171094894,0.05609019845724106,0.05987532064318657,0.052716225385665894,0.07218828797340393,0.08376302570104599,0.07934290170669556,0.05653708800673485,0.06303142011165619
748.583,0.07398,0.06554528325796127,0.08224041759967804,0.08913711458444595,0.060143034905195236,0.08019772171974182,0.06768276542425156,0.06923878192901611,0.07208365201950073,0.06346505880355835,0.060619913041591644,0.06311485171318054,0.07149146497249603
749.507,0.04629,0.043855249881744385,0.03629143163561821,0.04156989976763725,0.0477464534342289,0.04474245384335518,0.048211339861154556,0.037674929946660995,0.06573229283094406,0.03473379835486412,0.03710375353693962,0.051160115748643875,0.06159227341413498
753.586,0.0526,0.04800581932067871,0.07070314884185791,0.07555428892374039,0.04156702384352684,0.056011591106653214,0.07025835663080215,0.06476995348930359,0.07216714322566986,0.05184156820178032,0.05276705324649811,0.03555921092629433,0.05841478705406189
756.551,0.0616,0.09041932225227356,0.06325744092464447,0.04161563143134117,0.06356241554021835,0.05773575231432915,0.04151276499032974,0.040116067975759506,0.11075317114591599,0.06497329473495483,0.07283363491296768,0.050801198929548264,0.05077168345451355
757.621,0.16661,0.12269415706396103,0.22161222994327545,0.20628498494625092,0.10195765644311905,0.19273428618907928,0.19231590628623962,0.12420456111431122,0.16877172887325287,0.10125108063220978,0.1013527438044548,0.09758739918470383,0.1741308867931366
758.569,0.15643,0.17755965888500214,0.13600413501262665,0.13999971747398376,0.11371375620365143,0.15572871267795563,0.1608193963766098,0.1198262944817543,0.2670639157295227,0.15425540506839752,0.1631290465593338,0.17453569173812866,0.16750267148017883
759.637,0.65448,0.4221264123916626,0.9756303429603577,1.102542757987976,0.42334944009780884,0.8337044715881348,0.7347885966300964,0.5957695841789246,0.6286783814430237,0.4245269298553467,0.3998027443885803,0.24708397686481476,0.7026193737983704
760.584,0.13937,0.12917110323905945,0.1041349545121193,0.08437075465917587,0.17211663722991943,0.15617360174655914,0.1167897880077362,0.1830766499042511,0.21811020374298096,0.07505480200052261,0.08390142768621445,0.1672848016023636,0.19899076223373413
766.573,0.126,0.1025758609175682,0.09955418109893799,0.10032308846712112,0.1276841163635254,0.15886396169662476,0.11574308574199677,0.1383718103170395,0.11254745721817017,0.12121165543794632,0.14775803685188293,0.15732063353061676,0.10628405958414078
768.587,0.067,0.059598010033369064,0.0879879742860794,0.10608810186386108,0.04782351851463318,0.05041483789682388,0.06641576439142227,0.09011827409267426,0.046290505677461624,0.06646081060171127,0.07837940752506256,0.05234730616211891,0.045137371867895126
769.56,0.0695,0.07017312198877335,0.08282940089702606,0.07502967119216919,0.06387706100940704,0.062355685979127884,0.08242832124233246,0.06351405382156372,0.06568960845470428,0.06783832609653473,0.06997810304164886,0.05607510730624199,0.06751406937837601
772.524,0.07881,0.07890644669532776,0.09765861928462982,0.0742025226354599,0.09108550101518631,0.09824589639902115,0.08657094836235046,0.06798896193504333,0.06495662778615952,0.06839083880186081,0.07959862053394318,0.0714922696352005,0.06309542804956436
772.584,0.04421,0.03597510606050491,0.04197794198989868,0.04056856036186218,0.03977562114596367,0.0390251949429512,0.04977095499634743,0.04285775497555733,0.05173943191766739,0.03816135600209236,0.0412755124270916,0.03691979497671127,0.04969026893377304
774.564,0.08269,0.06114767864346504,0.1837070733308792,0.07362229377031326,0.07937046885490417,0.06869977712631226,0.08402072638273239,0.09137122333049774,0.06646141409873962,0.0587056539952755,0.05571829527616501,0.07816358655691147,0.061453644186258316
774.599,0.0677,0.07086465507745743,0.06324554234743118,0.06106019392609596,0.06718561798334122,0.06066964939236641,0.05634605884552002,0.06568478047847748,0.0646054670214653,0.05169651284813881,0.05651784688234329,0.06255057454109192,0.0689278393983841
778.512,0.06504,0.05941065400838852,0.06990397721529007,0.052962206304073334,0.05516611039638519,0.050768185406923294,0.0966646745800972,0.042720258235931396,0.12579752504825592,0.06352689117193222,0.0685131624341011,0.04093559458851814,0.06353986263275146
780.551,0.06917,0.0692148357629776,0.0682554766535759,0.053768500685691833,0.06129370257258415,0.05843811482191086,0.05055467039346695,0.03765541687607765,0.13907505571842194,0.04514683037996292,0.0596495047211647,0.03896363824605942,0.08019493520259857
782.568,0.08145,0.05683007836341858,0.09603005647659302,0.10282992571592331,0.07692348957061768,0.12729482352733612,0.07858055830001831,0.08805045485496521,0.13301733136177063,0.10880222171545029,0.12208031117916107,0.06379237025976181,0.11282900720834732
784.583,0.11616,0.12631909549236298,0.10606203973293304,0.11830049008131027,0.0675760880112648,0.1199583187699318,0.07400783896446228,0.1032637283205986,0.1355207860469818,0.1655367612838745,0.19815242290496826,0.09114272147417068,0.13067124783992767
785.652,0.09174,0.05990001931786537,0.13151583075523376,0.11540599912405014,0.07467152923345566,0.1011468693614006,0.09356752783060074,0.0723525881767273,0.08913888782262802,0.06649447232484818,0.06305475533008575,0.07661387324333191,0.07831770926713943
786.599,0.03832,0.049190059304237366,0.043969545513391495,0.03612779825925827,0.03897855803370476,0.05116092786192894,0.05795896053314209,0.03906833380460739,0.042894139885902405,0.037999678403139114,0.0473550520837307,0.042792852967977524,0.04950093850493431
787.668,0.25774,0.229905366897583,0.31274980306625366,0.292474627494812,0.249451145529747,0.19613735377788544,0.2612535059452057,0.2812647223472595,0.2343730926513672,0.21603938937187195,0.27850908041000366,0.24628783762454987,0.2939448058605194
790.512,0.08825,0.07479441910982132,0.10960669070482254,0.11203373223543167,0.06068338081240654,0.10855303704738617,0.09206856787204742,0.09041989594697952,0.07386691123247147,0.13573209941387177,0.0992351621389389,0.0720893144607544,0.08700104802846909
796.525,0.0373,0.045044027268886566,0.03758472949266434,0.032137610018253326,0.03447926416993141,0.032952260226011276,0.03387872129678726,0.02910054475069046,0.04356062784790993,0.036404091864824295,0.04340067505836487,0.039124131202697754,0.0359925739467144
796.583,0.05489,0.048049502074718475,0.05129111185669899,0.050236474722623825,0.05428702384233475,0.05334380269050598,0.05192181095480919,0.05326573923230171,0.045859768986701965,0.048820994794368744,0.0549539215862751,0.05053587630391121,0.045011572539806366
798.539,0.03906,0.04016442969441414,0.04207904264330864,0.03646937757730484,0.03880196437239647,0.040848273783922195,0.035303812474012375,0.03757771477103233,0.042288217693567276,0.029234053567051888,0.029337801039218903,0.037244319915771484,0.04151942580938339
804.55,0.07856,0.04157351702451706,0.07887724041938782,0.0782134160399437,0.04602978006005287,0.12438426166772842,0.05126117542386055,0.06410419940948486,0.08641790598630905,0.07478711009025574,0.08660099655389786,0.04622907564043999,0.07126273214817047
806.566,0.07857,0.1171569898724556,0.07681659609079361,0.08423388004302979,0.08655862510204315,0.06661024689674377,0.05898064002394676,0.0826883614063263,0.08874263614416122,0.11204664409160614,0.13028521835803986,0.10401837527751923,0.09824693948030472
808.582,0.0277,0.021968191489577293,0.024959873408079147,0.023488955572247505,0.024598876014351845,0.03030548058450222,0.027653135359287262,0.026725344359874725,0.03063017502427101,0.02376960963010788,0.03178374096751213,0.022882407531142235,0.02697477489709854
809.65,0.14657,0.13089217245578766,0.21085408329963684,0.17403669655323029,0.1270556002855301,0.1086263358592987,0.17669066786766052,0.14895668625831604,0.2076546549797058,0.11059857904911041,0.13538005948066711,0.0997953861951828,0.1988394856452942
810.599,0.07531,0.09020969271659851,0.07738407701253891,0.07911480218172073,0.04946308210492134,0.0913417711853981,0.056342869997024536,0.0708843395113945,0.09824085235595703,0.07465536147356033,0.07942023128271103,0.06084500998258591,0.10919670015573502
811.667,0.18499,0.17306803166866302,0.275500625371933,0.23651200532913208,0.1332661211490631,0.3128591775894165,0.1706463247537613,0.14205093681812286,0.221561461687088,0.1202133521437645,0.11390998214483261,0.13019230961799622,0.19558128714561462
813.683,0.22414,0.23089571297168732,0.3340013921260834,0.27444732189178467,0.20246055722236633,0.295193076133728,0.19418947398662567,0.16410329937934875,0.21248304843902588,0.12176194787025452,0.1571231633424759,0.10422755032777786,0.21476450562477112
815.698,0.10601,0.12997473776340485,0.11956984549760818,0.10723702609539032,0.09543581306934357,0.10959858447313309,0.08746659755706787,0.09347942471504211,0.11900036782026291,0.10336437076330185,0.1018030047416687,0.07477686554193497,0.09043406695127487
816.527,0.07257,0.07142862677574158,0.08781293779611588,0.06651107221841812,0.06513448804616928,0.07480521500110626,0.06650415062904358,0.06677909195423126,0.059810250997543335,0.07150005549192429,0.07436870038509369,0.06507372111082077,0.08099637180566788
818.543,0.0452,0.06727569550275803,0.05925203487277031,0.0553809218108654,0.039017338305711746,0.03253991901874542,0.04230332002043724,0.06483474373817444,0.02860080637037754,0.05235081538558006,0.053358860313892365,0.02771446481347084,0.03729214519262314
820.524,0.04413,0.0586237870156765,0.05244780704379082,0.04425818845629692,0.04938315227627754,0.0428604893386364,0.03714514896273613,0.043918948620557785,0.043976131826639175,0.050830207765102386,0.05681553855538368,0.04302561655640602,0.05139314383268356
822.538,0.04446,0.05150587856769562,0.0666595920920372,0.053128696978092194,0.0404588021337986,0.059849318116903305,0.04301704466342926,0.04082582890987396,0.042331188917160034,0.04620945826172829,0.054500579833984375,0.04034131020307541,0.044917915016412735
824.555,0.04156,0.04277217015624046,0.057632170617580414,0.048205725848674774,0.03738275542855263,0.05608891323208809,0.035787325352430344,0.04046231135725975,0.028730925172567368,0.03643067181110382,0.03962625190615654,0.035831764340400696,0.02726278267800808
830.552,0.0497,0.052942268550395966,0.06435331702232361,0.04848422482609749,0.05277968943119049,0.04657629132270813,0.05038245767354965,0.061333559453487396,0.04429221525788307,0.050456710159778595,0.06443402916193008,0.06531069427728653,0.044829145073890686
832.581,0.03085,0.039739858359098434,0.03610265254974365,0.025160137563943863,0.03278953209519386,0.03472333028912544,0.02626359462738037,0.026122763752937317,0.034199174493551254,0.021316666156053543,0.02854485809803009,0.024063633754849434,0.03755331039428711
835.665,0.08512,0.08667632937431335,0.11778052896261215,0.07592296600341797,0.08116001635789871,0.14775553345680237,0.09037542343139648,0.049622125923633575,0.150800883769989,0.04429299011826515,0.051301561295986176,0.034798331558704376,0.09537890553474426
837.68,0.03579,0.03994613140821457,0.04110288619995117,0.036476314067840576,0.030793478712439537,0.03753943368792534,0.03994140028953552,0.033898815512657166,0.05074886605143547,0.02768220752477646,0.03148477524518967,0.03652168810367584,0.04399468004703522
843.611,0.06549,0.09993995726108551,0.08351637423038483,0.0655919760465622,0.0841880738735199,0.06973909586668015,0.05934898182749748,0.1022149845957756,0.06872779130935669,0.07525798678398132,0.07542949914932251,0.062340427190065384,0.07229810953140259
845.672,0.0633,0.04164573550224304,0.07194072008132935,0.07469486445188522,0.055631592869758606,0.04873177036643028,0.06004321202635765,0.06997042149305344,0.05358419939875603,0.04758302867412567,0.047030989080667496,0.04519502818584442,0.05660947412252426
848.555,0.04416,0.05381990596652031,0.05176486447453499,0.04001729190349579,0.047847647219896317,0.04715726152062416,0.039036523550748825,0.0428537093102932,0.0415211096405983,0.0358174666762352,0.046769917011260986,0.04573047533631325,0.03975313529372215
851.639,0.06786,0.07421538978815079,0.08660566806793213,0.06726880371570587,0.07156787812709808,0.07771041989326477,0.05434364080429077,0.04730738326907158,0.06557083874940872,0.04806176945567131,0.055493660271167755,0.038060251623392105,0.07172933220863342
853.653,0.04501,0.07191617786884308,0.06685882806777954,0.04965692386031151,0.06311867386102676,0.04558409005403519,0.042910169810056686,0.048531144857406616,0.04534895718097687,0.04339771717786789,0.06763692200183868,0.03743208944797516,0.050100456923246384
867.657,0.05019,0.0522213876247406,0.06193378567695618,0.05068196728825569,0.05573369935154915,0.04534096643328667,0.04249182343482971,0.04981084540486336,0.03935197368264198,0.056120701134204865,0.05392875149846077,0.03494526818394661,0.04123082384467125
894.597,0.05908,0.09849458187818527,0.04387074336409569,0.05176709219813347,0.043401435017585754,0.045723650604486465,0.05033370479941368,0.04580516368150711,0.0495326966047287,0.037290044128894806,0.04334668442606926,0.13014930486679077,0.036064159125089645
910.57,0.04696,0.09408397227525711,0.039024077355861664,0.035846199840307236,0.038125406950712204,0.061343032866716385,0.05159417539834976,0.045805711299180984,0.04509948939085007,0.036471180617809296,0.04295971244573593,0.09415111690759659,0.03841550275683403
914.636,0.06473,0.06848522275686264,0.062294673174619675,0.06084785982966423,0.06244983524084091,0.06107094883918762,0.06799691915512085,0.05902334675192833,0.061756864190101624,0.05762787163257599,0.058539800345897675,0.05314093083143234,0.05163257196545601
916.579,0.05647,0.10430475324392319,0.03692764788866043,0.03675258904695511,0.03413859382271767,0.04114693030714989,0.03527414798736572,0.05062921717762947,0.07443492114543915,0.03690505772829056,0.032523006200790405,0.15219342708587646,0.04845491796731949
916.651,0.05292,0.04968563839793205,0.05571343004703522,0.048063866794109344,0.05632190406322479,0.049219563603401184,0.048831161111593246,0.0606951043009758,0.04895973950624466,0.05155530571937561,0.052454929798841476,0.05232585594058037,0.05167897045612335
932.553,0.04725,0.0757046788930893,0.04202462360262871,0.04273134842514992,0.035549405962228775,0.04289153590798378,0.04167792573571205,0.06830600649118423,0.04407460615038872,0.03684153035283089,0.03221400827169418,0.06446573883295059,0.03944254294037819
941.635,0.05604,0.08626022934913635,0.09994594752788544,0.07117252796888351,0.07435303926467896,0.051227226853370667,0.06620284169912338,0.04710571840405464,0.05597994476556778,0.05268198624253273,0.06003277003765106,0.041853174567222595,0.046987809240818024
943.65,0.06183,0.07623914629220963,0.09758401662111282,0.07009100168943405,0.07512645423412323,0.05669139698147774,0.07046493142843246,0.06876912713050842,0.05419166013598442,0.05725923553109169,0.060173485428094864,0.0510239452123642,0.0613713376224041
