m/z value,Total,VAN0010-LK-152-8,VAN0012-RK-102-164,VAN0012-RK-102-167,VAN0013-LK-203-8,VAN0016-LK-203-68,VAN0028-LK-4-8,VAN0029-RK-2-82,VAN0030-LK-3-383,VAN0031-LK-2-38,VAN0031-LK-3-63,VAN0033-RK-2-66,VAN0034-RK-4-36
622.444,0.12515,0.15324470400810242,0.07320380955934525,0.09721825271844864,0.19331973791122437,0.16317114233970642,0.07407183945178986,0.08563601225614548,0.09405083954334259,0.11410060524940491,0.133925661444664,0.10230453312397003,0.14883017539978027
650.439,0.18102,0.08264957368373871,0.1640784740447998,0.08182632923126221,0.173563152551651,0.09561482816934586,0.5830879211425781,0.09504565596580505,0.2649204432964325,0.07336492091417313,0.08151029050350189,0.2320200353860855,0.07446881383657455
650.475,0.11923,0.23568695783615112,0.1508568972349167,0.09752393513917923,0.12639839947223663,0.08473579585552216,0.06535755097866058,0.07336961477994919,0.2037796974182129,0.10265859961509705,0.12556113302707672,0.07035759836435318,0.19835424423217773
675.543,0.16873,0.14001286029815674,0.21081669628620148,0.22208066284656525,0.1057848259806633,0.22080858051776886,0.20165477693080902,0.20929700136184692,0.1521870344877243,0.09157811850309372,0.11344131827354431,0.07182413339614868,0.18830974400043488
678.47,0.08502,0.08247014135122299,0.09268881380558014,0.08107108622789383,0.11010823398828506,0.07025141268968582,0.20869861543178558,0.08465085178613663,0.106424480676651,0.08252763748168945,0.09679321944713593,0.062140099704265594,0.06720791012048721
682.456,0.07098,0.08343806117773056,0.0408027209341526,0.03822432458400726,0.06804480403661728,0.059409596025943756,0.0551115982234478,0.043154459446668625,0.10196725279092789,0.03572145476937294,0.04167814925312996,0.08338997513055801,0.0940435528755188
697.477,0.0754,0.09583059698343277,0.05852457508444786,0.0461956262588501,0.10172621160745621,0.06356465071439743,0.05379759520292282,0.04079112038016319,0.09114599227905273,0.06529776751995087,0.06069531664252281,0.07395975291728973,0.06867581605911255
701.559,0.18976,0.17399939894676208,0.24045012891292572,0.22879000008106232,0.17290054261684418,0.2466614544391632,0.1749953031539917,0.241845041513443,0.20148032903671265,0.14014889299869537,0.16121622920036316,0.10733760893344879,0.20959599316120148
703.574,1.60169,1.589023470878601,2.015937089920044,1.9533872604370117,1.3709542751312256,1.6586018800735474,1.7293213605880737,1.6830615997314453,1.7153784036636353,1.1707994937896729,1.378354787826538,1.1138687133789062,1.8140759468078613
706.465,0.0656,0.09914857149124146,0.058749403804540634,0.044893063604831696,0.08603735268115997,0.040974054485559464,0.038695819675922394,0.07002633064985275,0.046584635972976685,0.11381545662879944,0.0776376873254776,0.07365275174379349,0.0663829818367958
706.537,0.08026,0.0998489186167717,0.09204850345849991,0.07281816005706787,0.07770471274852753,0.08264774084091187,0.07826080173254013,0.07581562548875809,0.1293678730726242,0.07303278148174286,0.0783400908112526,0.0718178078532219,0.11105501651763916
720.552,0.1077,0.1583586186170578,0.11361247301101685,0.09691649675369263,0.12588925659656525,0.0892157331109047,0.13790088891983032,0.09775570780038834,0.10712619870901108,0.10329653322696686,0.10464687645435333,0.0935637354850769,0.08791245520114899
720.589,0.27301,0.37842777371406555,0.25452232360839844,0.2311142534017563,0.33740919828414917,0.28397026658058167,0.27776607871055603,0.22909711301326752,0.33994296193122864,0.19321106374263763,0.19899411499500275,0.2662297487258911,0.31902292370796204
721.477,0.03436,0.02824343927204609,0.03292491286993027,0.035205550491809845,0.03277718648314476,0.02646981179714203,0.0325319766998291,0.03491929918527603,0.05424180626869202,0.03963877260684967,0.04182302579283714,0.026744419708848,0.045805320143699646
723.492,0.04301,0.04685939475893974,0.035091154277324677,0.04027349129319191,0.042324841022491455,0.0310573298484087,0.028053073212504387,0.029775461181998253,0.04698867350816727,0.061738111078739166,0.054191846400499344,0.048066940158605576,0.04345911741256714
725.556,0.19489,0.1957077533006668,0.1957322061061859,0.1586998999118805,0.15999814867973328,0.2309466004371643,0.17956076562404633,0.10963402688503265,0.3324219286441803,0.0982985869050026,0.11008264869451523,0.09021217375993729,0.2445073276758194
729.59,0.05484,0.04642364755272865,0.05797019228339195,0.06207888573408127,0.04793065786361694,0.05670403316617012,0.07032636553049088,0.05824996158480644,0.059276122599840164,0.05699411407113075,0.0577615462243557,0.052667971700429916,0.06542878597974777
730.537,0.08128,0.09039273858070374,0.09983718395233154,0.07640165090560913,0.09783071279525757,0.08637223392724991,0.09419344365596771,0.07463248819112778,0.08540947735309601,0.09722739458084106,0.11121219396591187,0.15037262439727783,0.05524167791008949
731.605,0.3803,0.3688104748725891,0.512889564037323,0.49475523829460144,0.31290945410728455,0.4628121554851532,0.5012927055358887,0.42383113503456116,0.44806668162345886,0.3788700997829437,0.31667378544807434,0.3042263686656952,0.45630934834480286
732.553,0.10494,0.08059661835432053,0.07292278110980988,0.08103934675455093,0.05721800774335861,0.06610273569822311,0.05981381982564926,0.0720309466123581,0.06173980236053467,0.33005639910697937,0.30446186661720276,0.1042400375008583,0.0537835955619812
734.45,0.064,0.12320088595151901,0.05297372117638588,0.06737269461154938,0.04992004483938217,0.0863661989569664,0.06029069423675537,0.08828623592853546,0.049581024795770645,0.08942624926567078,0.07805629074573517,0.06003347411751747,0.041974231600761414
734.569,0.5546,0.4756409525871277,0.6055068373680115,0.68109530210495,0.5128996968269348,0.5532476902008057,0.634307861328125,0.457807332277298,0.4977957308292389,0.8014232516288757,0.7226557731628418,0.3746967911720276,0.49555763602256775
739.466,0.047,0.04736233875155449,0.05705234035849571,0.060738705098629,0.03304629772901535,0.04001859575510025,0.03260534256696701,0.03781616687774658,0.04400753602385521,0.047482091933488846,0.040850862860679626,0.030740877613425255,0.0451715923845768
741.53,0.20519,0.29853004217147827,0.24965539574623108,0.24558238685131073,0.18677230179309845,0.18505427241325378,0.1690026819705963,0.18485791981220245,0.2678775489330292,0.1727912873029709,0.22876545786857605,0.12979565560817719,0.26779764890670776
742.573,0.07871,0.07653670758008957,0.08120587468147278,0.0770258903503418,0.08933719247579575,0.07034019380807877,0.07193929702043533,0.08707474917173386,0.06542912125587463,0.07826393842697144,0.08344357460737228,0.08553677052259445,0.07116296142339706
744.589,0.10614,0.09108173102140427,0.09587796777486801,0.08539243787527084,0.09676797688007355,0.10535909980535507,0.10244641453027725,0.12060926854610443,0.11584126204252243,0.07320604473352432,0.08062362670898438,0.10381694883108139,0.14165078103542328
745.477,0.0604,0.05547788739204407,0.045945361256599426,0.049373917281627655,0.06444036960601807,0.06627591699361801,0.04602165147662163,0.04145960137248039,0.09459149837493896,0.049589212983846664,0.05325505509972572,0.05820906534790993,0.07550977915525436
746.568,0.07351,0.070665642619133,0.07382170110940933,0.06338374316692352,0.08446113765239716,0.052560657262802124,0.061895448714494705,0.06600156426429749,0.06150089204311371,0.09816043078899384,0.08901403844356537,0.0705156996846199,0.056524138897657394
746.604,0.46086,0.5111871957778931,0.33752453327178955,0.2956700325012207,0.46608322858810425,0.3670347034931183,0.4326780140399933,0.4085400402545929,0.4201575219631195,0.30151334404945374,0.3173578679561615,0.4939410388469696,0.550597071647644
747.491,0.05575,0.0762866660952568,0.05123089998960495,0.035711999982595444,0.0667068138718605,0.06666017323732376,0.05163223668932915,0.03336544334888458,0.10206171125173569,0.05041519179940224,0.05209049582481384,0.057433050125837326,0.08151832967996597
748.583,0.12426,0.11200959980487823,0.12454274296760559,0.13765005767345428,0.12399420142173767,0.13080887496471405,0.13538746535778046,0.11952248960733414,0.11932936310768127,0.13805601000785828,0.1295911967754364,0.11391082406044006,0.11365742236375809
749.507,0.05356,0.03918406739830971,0.036418475210666656,0.041666481643915176,0.04565069451928139,0.03916472941637039,0.03626368194818497,0.03291364759206772,0.07656099647283554,0.05064099282026291,0.04439576715230942,0.040183622390031815,0.07338894158601761
753.586,0.07057,0.06761709600687027,0.08116661757230759,0.0750608742237091,0.0631585419178009,0.06678854674100876,0.07390356808900833,0.08098375052213669,0.06962031126022339,0.06787709146738052,0.06658996641635895,0.05521748960018158,0.0781087875366211
756.551,0.1522,0.12970170378684998,0.1567131131887436,0.161380797624588,0.11101710796356201,0.14864219725131989,0.15747779607772827,0.12706777453422546,0.16646075248718262,0.2180064171552658,0.19740992784500122,0.13738085329532623,0.1656942069530487
757.621,0.17116,0.12141107022762299,0.23455210030078888,0.22535566985607147,0.12289479374885559,0.194339781999588,0.18457667529582977,0.13777479529380798,0.17192578315734863,0.1535942107439041,0.12961581349372864,0.08620662987232208,0.18987010419368744
758.569,0.21872,0.25954440236091614,0.1758936643600464,0.1973409503698349,0.2559151351451874,0.23392929136753082,0.25545671582221985,0.18096362054347992,0.1547669768333435,0.2063518613576889,0.2064206600189209,0.5364667773246765,0.12374041974544525
759.637,0.33337,0.2102287858724594,0.4891551733016968,0.5329696536064148,0.13060379028320312,0.39273467659950256,0.3488360345363617,0.2235245704650879,0.335834264755249,0.2908378839492798,0.2284865528345108,0.1139412447810173,0.38983625173568726
760.584,0.27827,0.27106359601020813,0.2151309847831726,0.28608185052871704,0.21022586524486542,0.2551977038383484,0.19079436361789703,0.210916206240654,0.2210010141134262,0.30510857701301575,0.2731822729110718,0.27778980135917664,0.20665673911571503
766.573,0.1326,0.09719876199960709,0.15397021174430847,0.20096895098686218,0.1085226759314537,0.12346635013818741,0.13081909716129303,0.25522589683532715,0.1559683233499527,0.17819687724113464,0.19009292125701904,0.12166348099708557,0.1175646185874939
768.587,0.25338,0.24449238181114197,0.2471773475408554,0.22443673014640808,0.23753629624843597,0.30816981196403503,0.24276882410049438,0.28985026478767395,0.2747620642185211,0.20661038160324097,0.2616906762123108,0.28667157888412476,0.34034356474876404
769.56,0.05041,0.04279670491814613,0.04484115168452263,0.038168080151081085,0.04247715696692467,0.041902828961610794,0.045420318841934204,0.04669647291302681,0.039141397923231125,0.03733254596590996,0.041429001837968826,0.04493569955229759,0.04489440098404884
772.524,0.10875,0.07795307785272598,0.137285053730011,0.12105923891067505,0.07332015037536621,0.11185308545827866,0.11463192850351334,0.08463714271783829,0.06182258576154709,0.11731751263141632,0.1375376284122467,0.0705200657248497,0.05700516700744629
772.584,0.04573,0.054509859532117844,0.054747290909290314,0.05694371461868286,0.06325878947973251,0.038484688848257065,0.04297986254096031,0.04228050634264946,0.04124907776713371,0.04302936792373657,0.05011950805783272,0.06457773596048355,0.03851676732301712
774.564,0.11805,0.08947402238845825,0.23298823833465576,0.12170087546110153,0.10078498721122742,0.14064235985279083,0.08018189668655396,0.1036539301276207,0.09893355518579483,0.10341312736272812,0.08818914741277695,0.1217113584280014,0.13051989674568176
774.599,0.08053,0.07849273085594177,0.07466021925210953,0.0943196639418602,0.07508718222379684,0.10417596250772476,0.08367808163166046,0.08676748722791672,0.09529867768287659,0.07756657898426056,0.07004719972610474,0.09026552736759186,0.06934031844139099
778.512,0.06229,0.07089381664991379,0.0694105476140976,0.06849948316812515,0.07041250914335251,0.04777868092060089,0.10349050909280777,0.05641970783472061,0.07007705420255661,0.10203995555639267,0.09678956866264343,0.04897642880678177,0.04830184951424599
780.551,0.09516,0.10934603959321976,0.09716819226741791,0.06692047417163849,0.0922430232167244,0.07334250211715698,0.13329315185546875,0.07950109988451004,0.09718064218759537,0.05686424672603607,0.06687659025192261,0.15508915483951569,0.060058169066905975
782.568,0.11707,0.11445754021406174,0.19010919332504272,0.19600911438465118,0.10020389407873154,0.10965993255376816,0.10745248943567276,0.13683493435382843,0.10608380287885666,0.18470779061317444,0.2634880244731903,0.10076797753572464,0.09830662608146667
784.583,0.48032,0.615235447883606,0.5350285172462463,0.5916212797164917,0.3838385045528412,0.41356346011161804,0.339595764875412,0.36213693022727966,0.30674073100090027,1.1322240829467773,1.0853469371795654,0.5507885217666626,0.3204266130924225
785.652,0.10337,0.08251725137233734,0.17921856045722961,0.1788349598646164,0.08834035694599152,0.1522199660539627,0.12263482064008713,0.11617331951856613,0.1046382337808609,0.10259044170379639,0.08936060965061188,0.0618252195417881,0.12819205224514008
786.599,0.11193,0.12847298383712769,0.12620550394058228,0.16891364753246307,0.07036940008401871,0.13994142413139343,0.1075015589594841,0.13842996954917908,0.09088215231895447,0.17755421996116638,0.14201447367668152,0.08658503741025925,0.09340107440948486
787.668,0.46084,0.5218480229377747,0.45940080285072327,0.41030153632164,0.5293231010437012,0.5278338193893433,0.477404922246933,0.378267377614975,0.5162004828453064,0.3995547890663147,0.38891494274139404,0.3421249985694885,0.41082221269607544
790.512,0.15628,0.1078190803527832,0.08640272170305252,0.08617648482322693,0.10144983232021332,0.1348302662372589,0.15849070250988007,0.18618467450141907,0.19476944208145142,0.13233943283557892,0.09289930015802383,0.1210976392030716,0.2559119760990143
796.525,0.12024,0.08631807565689087,0.1071220263838768,0.11129921674728394,0.10637178272008896,0.12056506425142288,0.15353985130786896,0.12391022592782974,0.10009592771530151,0.10696493834257126,0.09631780534982681,0.20392438769340515,0.07122049480676651
796.583,0.09871,0.10208658128976822,0.0931757390499115,0.07726770639419556,0.1052648052573204,0.13576550781726837,0.12517255544662476,0.10150691121816635,0.08709323406219482,0.07024095952510834,0.08219700306653976,0.12103445082902908,0.09912976622581482
798.539,0.17367,0.11291590332984924,0.173171266913414,0.1818174570798874,0.13358235359191895,0.2066425234079361,0.19911237061023712,0.1863679736852646,0.1542864590883255,0.17029164731502533,0.16681601107120514,0.16029062867164612,0.13982586562633514
804.55,0.06519,0.0493069663643837,0.08288414031267166,0.07703579217195511,0.04524083435535431,0.09631337970495224,0.06347993016242981,0.06654781848192215,0.06941084563732147,0.07723942399024963,0.1002497524023056,0.054195042699575424,0.06206154450774193
806.566,0.13528,0.17652137577533722,0.20261453092098236,0.17404018342494965,0.1710285097360611,0.1403810828924179,0.08427261561155319,0.0995541661977768,0.15676036477088928,0.1573898047208786,0.1622498333454132,0.05754998326301575,0.12730912864208221
808.582,0.16432,0.14706434309482574,0.2137494832277298,0.1731511801481247,0.14195038378238678,0.149224191904068,0.11793385446071625,0.1392541378736496,0.1801079511642456,0.23905807733535767,0.29373642802238464,0.09287945181131363,0.20023849606513977
809.65,0.14615,0.14964452385902405,0.16453826427459717,0.16642755270004272,0.13391081988811493,0.11016713827848434,0.1242537871003151,0.17305608093738556,0.09070427715778351,0.20126883685588837,0.17968416213989258,0.10671361535787582,0.08268564939498901
810.599,0.17273,0.13860830664634705,0.15378519892692566,0.11538215726613998,0.1933615505695343,0.19762560725212097,0.1879047006368637,0.1991383582353592,0.15766078233718872,0.11470931768417358,0.1359032243490219,0.2878830134868622,0.24200469255447388
811.667,0.41681,0.3649046719074249,0.6101564764976501,0.607673168182373,0.2903072237968445,0.5411562919616699,0.38694989681243896,0.3267689049243927,0.4468448758125305,0.36061397194862366,0.34814202785491943,0.19729584455490112,0.46017539501190186
813.683,0.19878,0.14236944913864136,0.13402210175991058,0.1711120754480362,0.18951748311519623,0.1593601107597351,0.13828276097774506,0.2008746713399887,0.1422787606716156,0.14847677946090698,0.1680949479341507,0.1447782814502716,0.14437268674373627
815.698,0.51536,0.712262749671936,0.3977465033531189,0.3925302028656006,0.6031187772750854,0.5724174380302429,0.47034233808517456,0.3868391215801239,0.7196295261383057,0.293960303068161,0.2816804349422455,0.35858994722366333,0.6113757491111755
816.527,0.14453,0.07872135192155838,0.2402532994747162,0.15653549134731293,0.11876577138900757,0.21749387681484222,0.19638653099536896,0.13635756075382233,0.11840280890464783,0.19070401787757874,0.1601136177778244,0.10732188075780869,0.19034570455551147
818.543,0.08543,0.07336337119340897,0.07998629659414291,0.07028531283140182,0.0778355747461319,0.08672035485506058,0.10492859780788422,0.21074245870113373,0.10511650890111923,0.0893353670835495,0.07900121062994003,0.053100064396858215,0.07752005755901337
820.524,0.07663,0.08722740411758423,0.08964303135871887,0.09643367677927017,0.05300992354750633,0.07648468017578125,0.04937903210520744,0.08328215032815933,0.057039231061935425,0.10349295288324356,0.10439616441726685,0.06630169600248337,0.06470194458961487
822.538,0.14187,0.07768265902996063,0.15889516472816467,0.14891602098941803,0.09300599992275238,0.14954738318920135,0.1645098626613617,0.11846288293600082,0.09304990619421005,0.23894032835960388,0.2610825002193451,0.15611737966537476,0.07187287509441376
824.555,0.08711,0.08274246752262115,0.11671163886785507,0.0919075533747673,0.0705307200551033,0.13315273821353912,0.11811349540948868,0.10363854467868805,0.0637279748916626,0.10119521617889404,0.11405634135007858,0.0819004625082016,0.04899471998214722
830.552,0.07191,0.12294512242078781,0.08237946033477783,0.09754827618598938,0.06777356564998627,0.08132800459861755,0.052504971623420715,0.062419235706329346,0.05892432853579521,0.11616722494363785,0.08728158473968506,0.06869733333587646,0.060210663825273514
832.581,0.06051,0.05003774166107178,0.06300890445709229,0.058272819966077805,0.0482158362865448,0.07546515762805939,0.06494156271219254,0.06409256160259247,0.05836809054017067,0.05893198400735855,0.057853877544403076,0.05404231324791908,0.07114607095718384
835.665,0.05858,0.05590365454554558,0.0691121369600296,0.0802033320069313,0.06086631491780281,0.07695689052343369,0.05830281227827072,0.0673111155629158,0.05733606964349747,0.07021775841712952,0.07462768256664276,0.05059778690338135,0.05476948246359825
837.68,0.12446,0.13040219247341156,0.10166359692811966,0.10706628859043121,0.10413333773612976,0.09643600136041641,0.1139555275440216,0.11745161563158035,0.12333130836486816,0.09827869385480881,0.08653073757886887,0.10621364414691925,0.10657167434692383
843.611,0.10031,0.11511881649494171,0.09643476456403732,0.1304071545600891,0.1067391186952591,0.11161528527736664,0.07318801432847977,0.13223427534103394,0.11629664897918701,0.15372352302074432,0.12271519750356674,0.08624560385942459,0.09478944540023804
845.672,0.06986,0.10548791289329529,0.0595618411898613,0.06136856973171234,0.13588972389698029,0.05627289414405823,0.06008884310722351,0.04877731576561928,0.0616336464881897,0.05734039470553398,0.07434731721878052,0.1437988430261612,0.04870948940515518
848.555,0.07901,0.1345604509115219,0.0972873866558075,0.07429485023021698,0.09894195944070816,0.06796983629465103,0.05634351074695587,0.068976029753685,0.04947824776172638,0.07270795851945877,0.10343674570322037,0.09054236114025116,0.07797712832689285
851.639,0.0783,0.07750487327575684,0.08264651894569397,0.06733506917953491,0.08193488419055939,0.07808244973421097,0.05417097359895706,0.05808807536959648,0.05478313937783241,0.06842420995235443,0.05919208750128746,0.055009644478559494,0.05167575180530548
853.653,0.08465,0.079440176486969,0.08166059851646423,0.07616797089576721,0.08337673544883728,0.10381513833999634,0.10902509093284607,0.09772917628288269,0.08707443624734879,0.06105407327413559,0.05899837613105774,0.06258899718523026,0.0647074431180954
867.657,0.05592,0.06587615609169006,0.07857633382081985,0.055048491805791855,0.06224801018834114,0.04736289754509926,0.05544138327240944,0.06288404762744904,0.04898204281926155,0.05026756599545479,0.059938427060842514,0.050420887768268585,0.047619838267564774
894.597,0.10486,0.1006564125418663,0.12500329315662384,0.14100545644760132,0.08761630207300186,0.11712144315242767,0.16060027480125427,0.1151815727353096,0.06411615014076233,0.10161308199167252,0.10768728703260422,0.14685598015785217,0.0726013109087944
910.57,0.06803,0.09313724935054779,0.07705356925725937,0.0645526573061943,0.05713704600930214,0.06071364879608154,0.07212121784687042,0.08535746484994888,0.04554690793156624,0.04349767044186592,0.057431574910879135,0.08122357726097107,0.04439406841993332
914.636,0.05915,0.045704666525125504,0.0608569011092186,0.0582924447953701,0.08038264513015747,0.05366295576095581,0.06041917949914932,0.0574895516037941,0.061617158353328705,0.06157013028860092,0.05970750376582146,0.04887695237994194,0.05474115535616875
916.579,0.09991,0.1226518526673317,0.12233316153287888,0.134695902466774,0.056509509682655334,0.10296058654785156,0.1396077424287796,0.09994148463010788,0.10587351769208908,0.11974173039197922,0.11222007125616074,0.17713847756385803,0.07603035867214203
916.651,0.07763,0.06831088662147522,0.10786022990942001,0.10246039181947708,0.09879279881715775,0.0830395445227623,0.07578012347221375,0.07087130844593048,0.0620916448533535,0.12973393499851227,0.09834993630647659,0.06633060425519943,0.05815589055418968
932.553,0.07179,0.08917273581027985,0.08129988610744476,0.07932853698730469,0.049756214022636414,0.07764727622270584,0.09970452636480331,0.11007416993379593,0.0694933533668518,0.08201216906309128,0.07361185550689697,0.10742168128490448,0.053785569965839386
941.635,0.07379,0.06693179160356522,0.06943593919277191,0.08040306717157364,0.11436647921800613,0.0626220703125,0.06914938241243362,0.05465773120522499,0.054017502814531326,0.05961911007761955,0.05966780334711075,0.07473878562450409,0.047436971217393875
943.65,0.07733,0.08998057246208191,0.06398752331733704,0.06181102246046066,0.11429736018180847,0.060525890439748764,0.06176624447107315,0.057024482637643814,0.06542731821537018,0.060585688799619675,0.07969046384096146,0.10289973020553589,0.052866145968437195
