m/z value,Total,VAN0010-LK-152-8,VAN0012-RK-102-164,VAN0012-RK-102-167,VAN0013-LK-203-8,VAN0016-LK-203-68,VAN0028-LK-4-8,VAN0029-RK-2-82,VAN0030-LK-3-383,VAN0031-LK-2-38,VAN0031-LK-3-63,VAN0033-RK-2-66,VAN0034-RK-4-36
616.475,1.2436,1.1486419439315796,1.2110867500305176,1.450822353363037,0.8457269668579102,1.2286779880523682,1.3530272245407104,1.8022353649139404,1.2505019903182983,1.2100642919540405,1.060349702835083,0.7440726161003113,1.3344041109085083
630.49,0.15776,0.14991667866706848,0.222791850566864,0.20309390127658844,0.08746037632226944,0.1955752968788147,0.21253876388072968,0.27615442872047424,0.196478009223938,0.181400328874588,0.1427650898694992,0.06889839470386505,0.189536914229393
642.49,0.32825,0.3396645188331604,0.3300953805446625,0.3107115924358368,0.2149290293455124,0.33254945278167725,0.3566003143787384,0.4606117308139801,0.3707836866378784,0.2959873676300049,0.2377183884382248,0.2002805918455124,0.38017284870147705
644.505,0.11986,0.111087366938591,0.10586032271385193,0.1335355043411255,0.12255275249481201,0.1239807978272438,0.11361866444349289,0.13115273416042328,0.09734821319580078,0.1324295699596405,0.1407676339149475,0.1258317232131958,0.08773891627788544
647.468,0.22568,0.20557640492916107,0.21904316544532776,0.166147843003273,0.1758432686328888,0.25035932660102844,0.2115403264760971,0.2039337307214737,0.18579797446727753,0.2867787778377533,0.2813953459262848,0.18681657314300537,0.18462790548801422
650.406,0.09516,0.061697591096162796,0.05091145262122154,0.08857546746730804,0.06605437397956848,0.05114421620965004,0.09442417323589325,0.1255054622888565,0.11663827300071716,0.1951904147863388,0.084620900452137,0.09676843881607056,0.13292209804058075
664.422,0.08101,0.08004125952720642,0.0736692026257515,0.09125281125307083,0.04839163273572922,0.06856074184179306,0.09803245216608047,0.07440086454153061,0.07512305676937103,0.2542549967765808,0.12745849788188934,0.08211326599121094,0.09936071932315826
671.468,0.30946,0.3293643593788147,0.3053117096424103,0.29402461647987366,0.29769277572631836,0.2794191539287567,0.27554258704185486,0.29984715580940247,0.25651228427886963,0.2738889455795288,0.33481812477111816,0.429596871137619,0.2290799468755722
672.535,0.0898,0.08734667301177979,0.060664836317300797,0.06752762198448181,0.11456438899040222,0.10248589515686035,0.0633280873298645,0.09858565032482147,0.10198727995157242,0.06483037769794464,0.13235753774642944,0.10856275260448456,0.059073831886053085
673.483,0.07337,0.05083886533975601,0.058310382068157196,0.04950601980090141,0.05597730353474617,0.058153096586465836,0.05719413608312607,0.06281211972236633,0.04771377518773079,0.04954718053340912,0.04442595690488815,0.03692716360092163,0.059827204793691635
678.437,0.06444,0.057672105729579926,0.05085223540663719,0.08562369644641876,0.037705112248659134,0.04327114671468735,0.04994526877999306,0.06186230853199959,0.056444671005010605,0.14222244918346405,0.0948895514011383,0.055758241564035416,0.0472896546125412
685.483,0.07981,0.07698637992143631,0.088798888027668,0.0898258164525032,0.06385993957519531,0.06595732271671295,0.06323681026697159,0.10466595739126205,0.0647212415933609,0.13171549141407013,0.08733633905649185,0.05707978829741478,0.05027670040726662
687.499,0.06378,0.07136203348636627,0.06107791140675545,0.047983527183532715,0.06253632158041,0.06045473366975784,0.06801371276378632,0.059705790132284164,0.07574428617954254,0.05686947703361511,0.059309400618076324,0.06304872035980225,0.09430939704179764
692.452,0.06343,0.0458206869661808,0.04120391607284546,0.0830523818731308,0.03569856658577919,0.038597505539655685,0.06781929731369019,0.06732618808746338,0.07132233679294586,0.13867317140102386,0.08351095020771027,0.05843864008784294,0.06977615505456924
695.467,0.06918,0.09719792753458023,0.07962309569120407,0.07137870788574219,0.11029145121574402,0.07074768841266632,0.06496540457010269,0.06863084435462952,0.08046609163284302,0.05803298205137253,0.09046314656734467,0.12145295739173889,0.07776984572410583
697.482,0.07902,0.12380952388048172,0.05949931964278221,0.05640675127506256,0.11926701664924622,0.060328129678964615,0.07087957113981247,0.05557969585061073,0.06092672049999237,0.07571596652269363,0.14171695709228516,0.20140260457992554,0.0462992861866951
698.551,0.1372,0.12346906214952469,0.1757921576499939,0.1730189323425293,0.07542584836483002,0.19453953206539154,0.19642965495586395,0.1086636558175087,0.15195511281490326,0.15449649095535278,0.06556636095046997,0.06459920853376389,0.2202828824520111
699.498,0.032,0.03576694428920746,0.028439467772841454,0.027485717087984085,0.02965080738067627,0.025599198415875435,0.03367851302027702,0.029156673699617386,0.030309531837701797,0.029341086745262146,0.042544927448034286,0.0425090454518795,0.028446443378925323
700.502,0.04761,0.08808333426713943,0.03394428640604019,0.058677561581134796,0.062291476875543594,0.04083419218659401,0.04304100573062897,0.041832294315099716,0.037322111427783966,0.051656875759363174,0.07793515175580978,0.07083851099014282,0.034534238278865814
700.566,0.1623,0.18770889937877655,0.13372769951820374,0.18154653906822205,0.19102789461612701,0.1589067131280899,0.1255900263786316,0.15813465416431427,0.19132408499717712,0.14033403992652893,0.12637777626514435,0.1554221510887146,0.13667212426662445
701.513,0.21331,0.24479526281356812,0.2030574232339859,0.263614296913147,0.2568603754043579,0.17738570272922516,0.17071424424648285,0.26214325428009033,0.20669418573379517,0.12097804248332977,0.21672818064689636,0.24760621786117554,0.16952064633369446
714.509,0.11341,0.10396597534418106,0.12327535450458527,0.10018935799598694,0.08182919025421143,0.11628782004117966,0.12237027287483215,0.07325665652751923,0.0974893644452095,0.1706693470478058,0.07782545685768127,0.09002646058797836,0.08189692348241806
714.581,0.10724,0.09851960837841034,0.10358694195747375,0.10053796321153641,0.12239061295986176,0.1039387509226799,0.09362486004829407,0.08798149228096008,0.15071411430835724,0.06491692364215851,0.07170306891202927,0.15427164733409882,0.1134108230471611
715.512,0.07914,0.086509570479393,0.08906122297048569,0.07622309774160385,0.06248730793595314,0.0728066936135292,0.09865842014551163,0.06019405648112297,0.06760633736848831,0.12088160961866379,0.05211370438337326,0.06909458339214325,0.0577239952981472
716.524,0.1514,0.4524219036102295,0.11864069849252701,0.1144973561167717,0.18773290514945984,0.1463249772787094,0.13750866055488586,0.10559245198965073,0.12227312475442886,0.12832754850387573,0.23479989171028137,0.35028183460235596,0.11832893639802933
718.539,0.28206,0.2843989431858063,0.2932018041610718,0.2678980529308319,0.2810171842575073,0.3406527638435364,0.3168368339538574,0.3113630414009094,0.2444441318511963,0.3028065860271454,0.3465655744075775,0.23270976543426514,0.2409162074327469
721.482,0.09246,0.0831083208322525,0.09737928956747055,0.10061723738908768,0.05967264994978905,0.10945393890142441,0.11063335090875626,0.11470407992601395,0.08052679151296616,0.1161433607339859,0.07087510079145432,0.06684421002864838,0.06815165281295776
722.513,0.164,0.1585017293691635,0.1445048600435257,0.15079602599143982,0.19752585887908936,0.12231270968914032,0.24090133607387543,0.20294131338596344,0.11435125768184662,0.12824644148349762,0.10958840698003769,0.21574436128139496,0.12484393268823624
723.5,0.04469,0.038090791553258896,0.053699273616075516,0.056244418025016785,0.02837551385164261,0.06977146118879318,0.07473406195640564,0.04445137083530426,0.05090959370136261,0.0707445815205574,0.028033403679728508,0.02026408724486828,0.04323255270719528
726.581,0.15789,0.12500280141830444,0.135281041264534,0.13780808448791504,0.12031993269920349,0.13239245116710663,0.15030217170715332,0.15717139840126038,0.1376229226589203,0.16850312054157257,0.13032622635364532,0.11728391796350479,0.14240534603595734
728.526,0.06394,0.10216640681028366,0.07125396281480789,0.08797111362218857,0.06541227549314499,0.06314688920974731,0.07230944186449051,0.08105316758155823,0.05873716622591019,0.06979458034038544,0.07849080115556717,0.06792683154344559,0.059441208839416504
728.596,0.06876,0.043492987751960754,0.045455023646354675,0.05446035787463188,0.05091381072998047,0.040746454149484634,0.03662082925438881,0.06451678276062012,0.05976327136158943,0.062162790447473526,0.04858655855059624,0.033666014671325684,0.05029040202498436
731.44,0.0589,0.053310636430978775,0.037660397589206696,0.07121865451335907,0.03230311721563339,0.03760775551199913,0.037588514387607574,0.040460556745529175,0.04231811687350273,0.08273828029632568,0.05944295600056648,0.0366818830370903,0.04701991751790047
738.508,0.13574,0.12230584025382996,0.13337694108486176,0.18408739566802979,0.06216331571340561,0.09952858090400696,0.13864631950855255,0.1388467699289322,0.08794475346803665,0.333567351102829,0.10721556097269058,0.05493645370006561,0.07183139771223068
740.522,0.09477,0.18881912529468536,0.08327355235815048,0.08033671230077744,0.12815070152282715,0.11329151690006256,0.09569600224494934,0.06252533942461014,0.08967026323080063,0.07829373329877853,0.10724607110023499,0.18711933493614197,0.08256222307682037
742.539,0.1826,0.1765267252922058,0.12407515943050385,0.15289512276649475,0.11240204423666,0.10199355334043503,0.11707939952611923,0.16844701766967773,0.10262560099363327,0.15143351256847382,0.1877761036157608,0.17864827811717987,0.08594131469726562
743.608,0.08381,0.0767698809504509,0.05063832923769951,0.06093229353427887,0.09376341104507446,0.08728659152984619,0.05660615861415863,0.08410871773958206,0.10482750833034515,0.04759823530912399,0.07807758450508118,0.07892800122499466,0.05167974904179573
744.554,0.12054,0.13347604870796204,0.12328169494867325,0.12085048109292984,0.12601491808891296,0.11126990616321564,0.12508538365364075,0.1768912523984909,0.12715893983840942,0.09621855616569519,0.13412749767303467,0.13382990658283234,0.10600727051496506
747.517,0.08883,0.10964910686016083,0.1412746012210846,0.1279430389404297,0.07167192548513412,0.10209657996892929,0.09788836538791656,0.08565913140773773,0.07379864901304245,0.1715410351753235,0.08884405344724655,0.06617077440023422,0.06617595255374908
748.526,0.04393,0.033171605318784714,0.04302841052412987,0.03567950427532196,0.041190650314092636,0.042408280074596405,0.035435616970062256,0.06083778291940689,0.03867053985595703,0.035621948540210724,0.045124564319849014,0.03455404192209244,0.03492337837815285
749.522,0.08951,0.06690476089715958,0.09604039043188095,0.1217031255364418,0.05262914299964905,0.0901581197977066,0.07542657107114792,0.15531575679779053,0.08195234090089798,0.08634337782859802,0.05956731364130974,0.049955543130636215,0.07557912915945053
750.543,0.09629,0.11019639670848846,0.09796048700809479,0.10918384045362473,0.08961966633796692,0.09726405888795853,0.0593901090323925,0.1609056293964386,0.09477289766073227,0.07761188596487045,0.17077113687992096,0.08163730055093765,0.09946398437023163
754.61,0.11505,0.08025427907705307,0.13618604838848114,0.1301700621843338,0.053682126104831696,0.11263053864240646,0.10619678348302841,0.1244456022977829,0.07660001516342163,0.18347783386707306,0.1018400564789772,0.05511922389268875,0.08159653097391129
760.512,0.08927,0.10302668064832687,0.07892260700464249,0.13243761658668518,0.07685168087482452,0.07733501493930817,0.07591328024864197,0.08783023059368134,0.07361982017755508,0.11278191953897476,0.08905918896198273,0.0813373327255249,0.060113575309515
762.507,0.12119,0.20376771688461304,0.10934218019247055,0.11757583171129227,0.21404939889907837,0.13208237290382385,0.12700337171554565,0.09109803289175034,0.09491085261106491,0.1271977722644806,0.06522192806005478,0.21920087933540344,0.09023051708936691
764.522,0.04918,0.06862986087799072,0.053076546639204025,0.0701272115111351,0.0509723424911499,0.04459087923169136,0.04612654447555542,0.06200898811221123,0.04034953936934471,0.0699855163693428,0.07025666534900665,0.06552986800670624,0.033170633018016815
766.538,0.17103,0.19333304464817047,0.2294962853193283,0.2775557339191437,0.1047176793217659,0.16468240320682526,0.25873956084251404,0.19148698449134827,0.16486907005310059,0.2774241268634796,0.15644390881061554,0.09680812060832977,0.13723476231098175
769.622,0.07666,0.0627131387591362,0.08414345234632492,0.06293230503797531,0.04744330793619156,0.07574975490570068,0.09396284073591232,0.0556458905339241,0.08673842251300812,0.06155316159129143,0.06890841573476791,0.05654861405491829,0.10109533369541168
770.568,0.06185,0.07865610718727112,0.05604603514075279,0.06039002910256386,0.04942669719457626,0.05987505242228508,0.049033135175704956,0.05753360688686371,0.05130768194794655,0.06694246083498001,0.10775163769721985,0.05326041951775551,0.06906427443027496
771.637,0.23967,0.2630951702594757,0.2305583655834198,0.2671297788619995,0.33415377140045166,0.24623262882232666,0.2112647145986557,0.27528733015060425,0.26356393098831177,0.21172687411308289,0.24627451598644257,0.29783084988594055,0.2168302983045578
774.481,0.08201,0.06658656895160675,0.05856974422931671,0.06687957793474197,0.04621538147330284,0.06333310157060623,0.07617863267660141,0.11043942719697952,0.07971495389938354,0.09645545482635498,0.081993468105793,0.07043420523405075,0.08451656252145767
775.485,0.05189,0.037021998316049576,0.03602355346083641,0.05120566487312317,0.02583031728863716,0.03321258723735809,0.035467468202114105,0.06725259125232697,0.03984871134161949,0.08167152106761932,0.04342179000377655,0.03597720339894295,0.03830137848854065
778.513,0.39039,0.4525409936904907,0.4706093966960907,0.36558154225349426,0.5345615148544312,0.4413868188858032,0.5497959852218628,0.3284449875354767,0.45441845059394836,0.4111792743206024,0.3438471555709839,0.5245450735092163,0.5472803711891174
779.516,0.17474,0.18406163156032562,0.15824972093105316,0.1313803344964981,0.16883863508701324,0.1488422304391861,0.19322597980499268,0.10440266132354736,0.15343239903450012,0.17731866240501404,0.13571026921272278,0.1796651929616928,0.17061391472816467
782.495,0.07154,0.06732720881700516,0.0609036423265934,0.0834023654460907,0.05763993412256241,0.059722475707530975,0.05949220061302185,0.06668359786272049,0.052628785371780396,0.09217012673616409,0.09308521449565887,0.0676598846912384,0.042729128152132034
785.652,0.1302,0.121693916618824,0.1213885247707367,0.09574777632951736,0.16831254959106445,0.13250939548015594,0.11341729760169983,0.08678978681564331,0.1349572241306305,0.07708917558193207,0.07112240791320801,0.15586791932582855,0.1128438338637352
786.527,0.17695,0.15477028489112854,0.1505194753408432,0.1922229528427124,0.11214179545640945,0.1355919986963272,0.2170599400997162,0.13207203149795532,0.18600133061408997,0.32822027802467346,0.12451865524053574,0.12587137520313263,0.1693764477968216
788.543,0.33551,0.3321569561958313,0.27745485305786133,0.4051561951637268,0.328693687915802,0.23544655740261078,0.2178691327571869,0.42545077204704285,0.2854776978492737,0.1989673227071762,0.37891221046447754,0.34638142585754395,0.22819304466247559
789.546,0.23765,0.24110135436058044,0.22281022369861603,0.3647158443927765,0.25668099522590637,0.15500551462173462,0.17322959005832672,0.3292875289916992,0.22167353332042694,0.1562926024198532,0.18549025058746338,0.2453586757183075,0.17039647698402405
790.54,0.15471,0.14908041059970856,0.15993355214595795,0.22199001908302307,0.12403097003698349,0.13105472922325134,0.1576625555753708,0.1958649605512619,0.1139029860496521,0.17724835872650146,0.1477268636226654,0.11751526594161987,0.14608217775821686
792.552,0.17025,0.18781358003616333,0.13781149685382843,0.22099794447422028,0.11096491664648056,0.15022453665733337,0.157447949051857,0.231459841132164,0.14471611380577087,0.16946031153202057,0.2044728398323059,0.150007426738739,0.13808012008666992
794.509,0.25798,0.21050754189491272,0.3049476444721222,0.23064348101615906,0.35048383474349976,0.3061307966709137,0.2509554624557495,0.16976012289524078,0.28779301047325134,0.16470737755298615,0.10364308208227158,0.3118628263473511,0.33820465207099915
794.567,0.16715,0.1628831923007965,0.11362070590257645,0.1760256439447403,0.14833740890026093,0.1341974288225174,0.14022968709468842,0.20329920947551727,0.11120825260877609,0.09922874718904495,0.14388181269168854,0.1700819581747055,0.16122053563594818
795.636,0.14537,0.18695786595344543,0.14278565347194672,0.1412457525730133,0.139898419380188,0.19283023476600647,0.1619739830493927,0.15492920577526093,0.19875536859035492,0.1395404040813446,0.18310774862766266,0.19136783480644226,0.18244309723377228
797.652,0.17888,0.15449582040309906,0.16309604048728943,0.17840977013111115,0.1463402956724167,0.19041180610656738,0.18798084557056427,0.19756338000297546,0.152546226978302,0.21601612865924835,0.1681305468082428,0.15005670487880707,0.15900173783302307
799.666,0.08988,0.08989444375038147,0.0679168626666069,0.09795217961072922,0.07011294364929199,0.07509303838014603,0.07660223543643951,0.13113895058631897,0.07193423062562943,0.13634233176708221,0.12858785688877106,0.07849211990833282,0.06463605165481567
809.515,0.10441,0.12246152013540268,0.0836152508854866,0.14114339649677277,0.07998352497816086,0.0723026916384697,0.07622110098600388,0.09806451946496964,0.06970155984163284,0.23477523028850555,0.18446412682533264,0.08364956080913544,0.05595184490084648
827.558,0.09346,0.09724083542823792,0.07502376288175583,0.10349181294441223,0.09881241619586945,0.08465608209371567,0.07739832252264023,0.09832804650068283,0.06985770910978317,0.12775474786758423,0.07585304975509644,0.08322619646787643,0.06025940924882889
832.508,0.10255,0.11542296409606934,0.11227626353502274,0.19122882187366486,0.07322077453136444,0.10656977444887161,0.15868891775608063,0.09317329525947571,0.13574647903442383,0.20739053189754486,0.088580422103405,0.07618366181850433,0.12256434559822083
833.514,0.04468,0.03954818844795227,0.042769499123096466,0.039071980863809586,0.03915663808584213,0.036681946367025375,0.03316112235188484,0.044988326728343964,0.03203215077519417,0.0550762303173542,0.04129137843847275,0.03894711658358574,0.0329604409635067
835.53,0.06707,0.07398688048124313,0.05721260979771614,0.08373985439538956,0.04558305814862251,0.04756384715437889,0.05049201846122742,0.08740610629320145,0.052099794149398804,0.08241397142410278,0.06783653050661087,0.06245230883359909,0.050424475222826004
836.534,0.08296,0.09321857988834381,0.07211191952228546,0.10837952047586441,0.06255804002285004,0.06640726327896118,0.05770213156938553,0.09114566445350647,0.05656714737415314,0.09204796701669693,0.0844046100974083,0.07221569120883942,0.06280731409788132
837.545,0.10276,0.09405333548784256,0.09210767596960068,0.07750876992940903,0.14078311622142792,0.11936578154563904,0.08953330665826797,0.1202605739235878,0.16273145377635956,0.08534955978393555,0.10983246564865112,0.1027737408876419,0.09948896616697311
855.561,0.05935,0.10856616497039795,0.05171394348144531,0.05887267366051674,0.08155890554189682,0.05907021462917328,0.059139546006917953,0.05772208794951439,0.0622096061706543,0.039712775498628616,0.10248501598834991,0.16571910679340363,0.044864069670438766
857.514,0.13055,0.13081760704517365,0.168625608086586,0.14993223547935486,0.11749126762151718,0.13528580963611603,0.116201251745224,0.101714588701725,0.11750544607639313,0.16705386340618134,0.08506671339273453,0.11742929369211197,0.11938287317752838
857.576,0.05039,0.05676615983247757,0.05680049955844879,0.05834908410906792,0.059611525386571884,0.05937686935067177,0.067725270986557,0.05786006525158882,0.059438306838274,0.051657017320394516,0.08198172599077225,0.061952486634254456,0.055379416793584824
859.527,0.0612,0.05528715252876282,0.06396623700857162,0.07012771815061569,0.05320395901799202,0.061532266438007355,0.054909709841012955,0.048935189843177795,0.04931327700614929,0.06967661529779434,0.08130264282226562,0.05532253161072731,0.04912128299474716
861.545,0.10308,0.10767245292663574,0.11268199235200882,0.10614185780286789,0.08536418527364731,0.10851626843214035,0.13319911062717438,0.09926028549671173,0.10288022458553314,0.11762792617082596,0.1250099539756775,0.12069998681545258,0.10745377838611603
862.603,0.20424,0.208900585770607,0.22350797057151794,0.18398816883563995,0.19299165904521942,0.23494678735733032,0.23563358187675476,0.16482092440128326,0.2225797027349472,0.20077554881572723,0.1409510374069214,0.19287875294685364,0.24927105009555817
863.561,0.19851,0.2904183864593506,0.202481210231781,0.24587097764015198,0.28166911005973816,0.1857387125492096,0.20056654512882233,0.17263154685497284,0.1673714965581894,0.20369698107242584,0.25164759159088135,0.3443475365638733,0.149390310049057
870.597,0.17932,0.13902470469474792,0.23613522946834564,0.1974010169506073,0.09076669812202454,0.09830048680305481,0.09114069491624832,0.1952723264694214,0.23793047666549683,0.15319371223449707,0.14307966828346252,0.16613420844078064,0.2339872121810913
876.618,0.06866,0.043844614177942276,0.0652044489979744,0.052382029592990875,0.04555441439151764,0.06650065630674362,0.07089866697788239,0.06855720281600952,0.06995610147714615,0.049978867173194885,0.0496373325586319,0.0468069352209568,0.06502756476402283
878.598,0.07485,0.06944973021745682,0.10172408074140549,0.08318550884723663,0.08289030194282532,0.11700489372015,0.10290944576263428,0.07212851941585541,0.09152236580848694,0.09491885453462601,0.07785870134830475,0.07380561530590057,0.10678577423095703
879.561,0.08329,0.1052933931350708,0.0719384178519249,0.12558378279209137,0.0868186429142952,0.0918056070804596,0.11280031502246857,0.12767153978347778,0.07010497897863388,0.12175022810697556,0.08855435252189636,0.08888953179121017,0.06183362007141113
881.616,0.38715,0.2308192253112793,0.3421410918235779,0.20317310094833374,0.1971038281917572,0.3910265862941742,0.37839391827583313,0.15187221765518188,0.3781841993331909,0.287475049495697,0.12819804251194,0.1602896749973297,0.4529839754104614
883.528,0.1207,0.10819902271032333,0.11578516662120819,0.17242224514484406,0.09480118751525879,0.09159976989030838,0.12948361039161682,0.11779475212097168,0.10314393043518066,0.14548778533935547,0.08010340481996536,0.07656434923410416,0.08887390792369843
883.59,0.06169,0.060909610241651535,0.060151416808366776,0.07274223119020462,0.05914998799562454,0.04986874759197235,0.06308282911777496,0.07234221696853638,0.051568757742643356,0.060472261160612106,0.05347258970141411,0.052099984139204025,0.052119072526693344
885.545,0.10188,0.10511016845703125,0.12285809218883514,0.12417896091938019,0.08305177092552185,0.10120874643325806,0.10941023379564285,0.13945114612579346,0.10819480568170547,0.13518887758255005,0.09532389789819717,0.0853826254606247,0.10210251808166504
886.548,0.09366,0.0963539332151413,0.1034427210688591,0.099537193775177,0.07647018879652023,0.08327721804380417,0.08287184685468674,0.13572600483894348,0.08165210485458374,0.10436452925205231,0.12186434864997864,0.08397137373685837,0.07920850813388824
890.633,0.28875,0.2362205982208252,0.21545064449310303,0.18305884301662445,0.2248956561088562,0.1866372674703598,0.22142331302165985,0.2023097276687622,0.23784340918064117,0.2279745489358902,0.25834816694259644,0.2994196116924286,0.2815084755420685
892.613,0.06015,0.05629473552107811,0.08531346172094345,0.06955423206090927,0.08043470233678818,0.09736280143260956,0.09866626560688019,0.06491612643003464,0.06563866883516312,0.09010753780603409,0.06805010885000229,0.06547296047210693,0.07488927245140076
893.616,0.05907,0.046683840453624725,0.044694364070892334,0.04482290893793106,0.045833393931388855,0.0398491732776165,0.03975049406290054,0.05442903935909271,0.0375082828104496,0.0501549132168293,0.07433328032493591,0.04432518780231476,0.03748305141925812
894.626,0.17311,0.1310269832611084,0.22584159672260284,0.15275608003139496,0.1325068473815918,0.2588576674461365,0.26138344407081604,0.11379391700029373,0.2045655995607376,0.2235376536846161,0.0814267173409462,0.10694078356027603,0.23012517392635345
896.609,0.31713,0.2970077395439148,0.401802659034729,0.23936133086681366,0.2829849123954773,0.5348150134086609,0.5001264214515686,0.1807793527841568,0.4590851366519928,0.33047881722450256,0.14979195594787598,0.23452168703079224,0.5526171326637268
898.6,0.09232,0.12140654027462006,0.09967861324548721,0.07549863308668137,0.07831060141324997,0.11829913407564163,0.08620890974998474,0.11876942217350006,0.09119367599487305,0.08933254331350327,0.14327915012836456,0.09334416687488556,0.10146505385637283
905.615,0.05493,0.04748917743563652,0.05897070840001106,0.06157366558909416,0.05305967479944229,0.0549711138010025,0.0579926073551178,0.07165365666151047,0.0578627809882164,0.04718109592795372,0.053961414843797684,0.048236697912216187,0.05931377410888672
910.623,0.34614,0.29734936356544495,0.37297362089157104,0.22654543817043304,0.26522400975227356,0.4572286605834961,0.45492807030677795,0.1560022085905075,0.4199691712856293,0.26937517523765564,0.09943298995494843,0.24012480676174164,0.5180025696754456
922.614,0.14886,0.12291992455720901,0.18164871633052826,0.14690373837947845,0.11248916387557983,0.18735909461975098,0.20456501841545105,0.08848317712545395,0.2098323255777359,0.1672874093055725,0.08344287425279617,0.10329316556453705,0.24158084392547607
924.637,0.54371,0.4799652695655823,0.6109490990638733,0.39697641134262085,0.459795743227005,0.7817184329032898,0.7472235560417175,0.32978740334510803,0.7029276490211487,0.5448150038719177,0.27699166536331177,0.39834412932395935,0.8733015060424805
940.56,0.3429,0.4045107364654541,0.2590058743953705,0.2547551691532135,0.6289407014846802,0.25805845856666565,0.3033415377140045,0.29547441005706787,0.28412970900535583,0.2037574201822281,0.29569748044013977,0.36734434962272644,0.36800405383110046
