m/z value,Total,VAN0010-LK-152-8,VAN0012-RK-102-164,VAN0012-RK-102-167,VAN0013-LK-203-8,VAN0016-LK-203-68,VAN0028-LK-4-8,VAN0029-RK-2-82,VAN0030-LK-3-383,VAN0031-LK-2-38,VAN0031-LK-3-63,VAN0033-RK-2-66,VAN0034-RK-4-36
616.475,0.26991,0.2652149498462677,0.268549382686615,0.2671947181224823,0.2793658375740051,0.2615060806274414,0.2537629306316376,0.26970261335372925,0.255734920501709,0.2243206948041916,0.20223291218280792,0.29165682196617126,0.2698146402835846
630.49,0.07229,0.08052316308021545,0.06997884064912796,0.07040517777204514,0.08464325964450836,0.08425921946763992,0.07699653506278992,0.06731747090816498,0.08071788400411606,0.05505550652742386,0.06460011005401611,0.08440661430358887,0.09083420038223267
642.49,0.09218,0.10115601122379303,0.0803913027048111,0.09923248738050461,0.12183922529220581,0.08329154551029205,0.08781474828720093,0.0907285138964653,0.08712813258171082,0.077900230884552,0.09352679550647736,0.14843618869781494,0.08981829881668091
644.505,0.15437,0.1239195391535759,0.12384596467018127,0.14717474579811096,0.15879519283771515,0.14158347249031067,0.12152101844549179,0.15364156663417816,0.1357187181711197,0.09832834452390671,0.13916131854057312,0.17365868389606476,0.11182824522256851
647.468,0.08874,0.0961456224322319,0.10430144518613815,0.11291629821062088,0.12208273261785507,0.07751715183258057,0.10390856117010117,0.1013629287481308,0.09540622681379318,0.07053464651107788,0.05148332938551903,0.07722574472427368,0.0808129608631134
650.406,0.05392,0.05119851231575012,0.04240904375910759,0.04484039172530174,0.05002580210566521,0.049134738743305206,0.04756549373269081,0.048091936856508255,0.04740764945745468,0.07004682719707489,0.07218466699123383,0.055787526071071625,0.048399049788713455
664.422,0.06241,0.06501638889312744,0.06896611303091049,0.07618777453899384,0.04854315146803856,0.08042745292186737,0.07521867007017136,0.06257816404104233,0.05638590455055237,0.09915641695261002,0.10609041899442673,0.03905157744884491,0.05175846442580223
671.468,0.03706,0.0405462309718132,0.05075499415397644,0.04464659467339516,0.030660010874271393,0.04422988370060921,0.05561709776520729,0.05753624811768532,0.037164438515901566,0.060531143099069595,0.0365779846906662,0.033536382019519806,0.042250070720911026
672.535,0.17103,0.15884509682655334,0.18769001960754395,0.19174596667289734,0.12054607272148132,0.1833559274673462,0.23534046113491058,0.15747356414794922,0.1791551262140274,0.20312461256980896,0.13659308850765228,0.10899651050567627,0.22091197967529297
673.483,0.05924,0.042967233806848526,0.04699194058775902,0.04684434458613396,0.041601695120334625,0.044743772596120834,0.050275687128305435,0.060906536877155304,0.042455073446035385,0.036799464374780655,0.052527498453855515,0.04651964455842972,0.04219898581504822
678.437,0.04721,0.044393498450517654,0.03674835339188576,0.05343347415328026,0.0423983596265316,0.036930907517671585,0.05411093682050705,0.049309369176626205,0.055448517203330994,0.07529733330011368,0.057905007153749466,0.05494550243020058,0.053564488887786865
685.483,0.05027,0.049859270453453064,0.05860746279358864,0.04862229898571968,0.0523747056722641,0.05319169908761978,0.0557672344148159,0.06537432968616486,0.05169827491044998,0.055873990058898926,0.0497046522796154,0.052669912576675415,0.04639590159058571
687.499,0.08398,0.09448117017745972,0.07870156317949295,0.09249259531497955,0.08802075684070587,0.08195330947637558,0.08685733377933502,0.09916412085294724,0.11060640960931778,0.08770282566547394,0.07516162842512131,0.0644320696592331,0.1325826495885849
692.452,0.04448,0.04360394552350044,0.03129839152097702,0.04846914857625961,0.027763014659285545,0.038263674825429916,0.03731275722384453,0.04210267215967178,0.028158418834209442,0.07665008306503296,0.06506823003292084,0.03012198768556118,0.027055667713284492
695.467,0.04143,0.057934992015361786,0.04721784219145775,0.06200992688536644,0.047609347850084305,0.043221231549978256,0.04326331615447998,0.04877899959683418,0.0371059812605381,0.0436665378510952,0.04418869689106941,0.03897235170006752,0.04121897742152214
697.482,0.02626,0.031073899939656258,0.022938450798392296,0.023672647774219513,0.025478195399045944,0.021291937679052353,0.02589506283402443,0.033328909426927567,0.01854838617146015,0.023393912240862846,0.024917734786868095,0.03253595530986786,0.02333412691950798
698.551,0.08697,0.06932547688484192,0.08678220212459564,0.06461147964000702,0.05544830486178398,0.10074606537818909,0.1186249628663063,0.06084100902080536,0.10272782295942307,0.05768394097685814,0.04872088134288788,0.060561347752809525,0.12952005863189697
699.498,0.02291,0.022918082773685455,0.022671526297926903,0.023683123290538788,0.01991702988743782,0.023651858791708946,0.025660520419478416,0.03196129947900772,0.01812683418393135,0.030116260051727295,0.023846592754125595,0.019382573664188385,0.018822278827428818
700.502,0.03032,0.02943946048617363,0.03132085129618645,0.025870900601148605,0.028934834524989128,0.0276503786444664,0.026836520060896873,0.03207620605826378,0.026086779311299324,0.024394219741225243,0.029954690486192703,0.027183160185813904,0.02928832359611988
700.566,0.05661,0.057502683252096176,0.04887097328901291,0.04417432099580765,0.052853550761938095,0.052837714552879333,0.05943555757403374,0.06970945745706558,0.062028899788856506,0.05940266698598862,0.06940501928329468,0.0593670979142189,0.06248866394162178
701.513,0.06299,0.0664081946015358,0.061499468982219696,0.08337200433015823,0.06716811656951904,0.05563068017363548,0.05432761833071709,0.08792390674352646,0.06115884333848953,0.047651004046201706,0.06621065735816956,0.06382575631141663,0.050058480352163315
714.509,0.05325,0.07410074025392532,0.04703821241855621,0.047483399510383606,0.04110342264175415,0.03920789062976837,0.042000044137239456,0.06364195793867111,0.044836413115262985,0.04221747815608978,0.05604343116283417,0.07439135015010834,0.042904872447252274
714.581,0.06006,0.05486997961997986,0.0471264086663723,0.036182500422000885,0.051259640604257584,0.04454626888036728,0.061779122799634933,0.07598964869976044,0.04541667178273201,0.04569370672106743,0.07130362093448639,0.07754737138748169,0.04583221673965454
715.512,0.04055,0.07214467972517014,0.04371272027492523,0.04062146693468094,0.04173143208026886,0.04275564104318619,0.04787281155586243,0.04749169573187828,0.04449690878391266,0.05274558812379837,0.040785208344459534,0.05923192575573921,0.04368846118450165
716.524,0.07054,0.07868058979511261,0.10742819309234619,0.08499717712402344,0.04933180660009384,0.08554133772850037,0.1371392458677292,0.07780132442712784,0.06424851715564728,0.09410227835178375,0.04764309898018837,0.05514060705900192,0.07185789197683334
718.539,0.1169,0.12317750602960587,0.1146310418844223,0.14140671491622925,0.1441725343465805,0.07662493735551834,0.08776546269655228,0.11109266430139542,0.10577458888292313,0.08662126213312149,0.07633251696825027,0.1295948326587677,0.08453989028930664
721.482,0.05019,0.08900365978479385,0.05414937064051628,0.06347515434026718,0.04607896879315376,0.058916058391332626,0.05244927108287811,0.06494827568531036,0.0541580431163311,0.052294425666332245,0.04970521852374077,0.04731448367238045,0.05328134074807167
722.513,0.16963,0.22345389425754547,0.15930995345115662,0.13767078518867493,0.1807120144367218,0.19584031403064728,0.17475660145282745,0.2029048204421997,0.16949304938316345,0.12591420114040375,0.16458328068256378,0.2082914263010025,0.12074382603168488
723.5,0.03567,0.044939808547496796,0.027137063443660736,0.035222094506025314,0.02996816486120224,0.025494543835520744,0.029794370755553246,0.03288068622350693,0.027460001409053802,0.02699672058224678,0.04008672386407852,0.03446907177567482,0.025593960657715797
726.581,0.02231,0.031173234805464745,0.022309301421046257,0.03556646779179573,0.018894685432314873,0.021380851045250893,0.024373549968004227,0.027544772252440453,0.01993139646947384,0.028308862820267677,0.02346029132604599,0.021740959957242012,0.021693645045161247
728.526,0.0552,0.05027386173605919,0.05069280043244362,0.054875001311302185,0.0517534539103508,0.04796963930130005,0.052398525178432465,0.06117236614227295,0.0438363254070282,0.0495644174516201,0.05301079526543617,0.0408049076795578,0.045235875993967056
728.596,0.03116,0.03368324786424637,0.02592851221561432,0.025588911026716232,0.029116418212652206,0.02512262389063835,0.025121120736002922,0.03498898074030876,0.028039174154400826,0.03637238219380379,0.030094588175415993,0.030285481363534927,0.021179726347327232
731.44,0.0489,0.05997588112950325,0.03951383754611015,0.07262551784515381,0.03969796001911163,0.04091647267341614,0.04308372735977173,0.04515886679291725,0.04321958124637604,0.07619091868400574,0.07094097137451172,0.04208351671695709,0.045757390558719635
738.508,0.0791,0.07166945189237595,0.08731459081172943,0.09073063731193542,0.06216183677315712,0.06768704950809479,0.07581111043691635,0.08860867470502853,0.07139942049980164,0.10641968995332718,0.08384596556425095,0.06452345848083496,0.06018412113189697
740.522,0.02278,0.030586708337068558,0.023799199610948563,0.026494335383176804,0.015720007941126823,0.021048543974757195,0.02361471951007843,0.021303078159689903,0.02280900813639164,0.022030383348464966,0.022745437920093536,0.025650691241025925,0.022102968767285347
742.539,0.03292,0.025150185450911522,0.0312715508043766,0.036536335945129395,0.024405499920248985,0.029873406514525414,0.033711012452840805,0.03318299725651741,0.028747284784913063,0.03668850660324097,0.02588961087167263,0.024597756564617157,0.027420811355113983
743.608,0.28593,0.2568625211715698,0.2758711576461792,0.273547887802124,0.15142105519771576,0.28870275616645813,0.3641261160373688,0.22312650084495544,0.26674726605415344,0.32800358533859253,0.16614358127117157,0.13886985182762146,0.3578931987285614
744.554,0.13805,0.1739126592874527,0.138249933719635,0.1920979917049408,0.14966174960136414,0.13775330781936646,0.13059726357460022,0.2395859658718109,0.13474512100219727,0.1354350596666336,0.19660301506519318,0.1448785662651062,0.10855159908533096
747.517,0.07165,0.08488816022872925,0.09181497246026993,0.06891120970249176,0.04996838420629501,0.0903501957654953,0.09147059917449951,0.08742903918027878,0.055380869656801224,0.09096337854862213,0.06344559043645859,0.06802596896886826,0.06744853407144547
748.526,0.09017,0.11603209376335144,0.0881369337439537,0.11031333357095718,0.09338071942329407,0.09850160777568817,0.08628876507282257,0.10198948532342911,0.08532993495464325,0.07551513612270355,0.07109835743904114,0.10021872818470001,0.06840592622756958
749.522,0.06625,0.06094116345047951,0.06585143506526947,0.057160474359989166,0.05615933984518051,0.06655596196651459,0.05913310870528221,0.08969561755657196,0.05879022926092148,0.05253557488322258,0.04919053614139557,0.06305541843175888,0.054350558668375015
750.543,0.07325,0.09025993943214417,0.05224771425127983,0.08856961131095886,0.06018054112792015,0.04809548333287239,0.04551718756556511,0.11278331279754639,0.05548597127199173,0.04836815595626831,0.059504806995391846,0.06898247450590134,0.053814731538295746
754.61,0.03826,0.03347677364945412,0.04114057496190071,0.03391645476222038,0.02494075521826744,0.04853978008031845,0.044537611305713654,0.047054585069417953,0.030964946374297142,0.049052558839321136,0.03304515406489372,0.026989398524165154,0.0373857282102108
760.512,0.0582,0.07473064959049225,0.06238067150115967,0.0586753785610199,0.04959521070122719,0.0679309144616127,0.05953418090939522,0.06529680639505386,0.07226651906967163,0.06089693680405617,0.05446535721421242,0.05814552679657936,0.05244369059801102
762.507,0.04873,0.05168798193335533,0.047642018646001816,0.04312557727098465,0.06796383857727051,0.04400106891989708,0.04746347665786743,0.03562142699956894,0.03596324101090431,0.06235672906041145,0.03843160346150398,0.03675783425569534,0.03783661499619484
764.522,0.07576,0.09815829247236252,0.07990165054798126,0.08459408581256866,0.11531387269496918,0.09459532797336578,0.09629528224468231,0.06687358766794205,0.07486622780561447,0.06151974946260452,0.06220429763197899,0.10374073684215546,0.0789087638258934
766.538,0.05417,0.05216516926884651,0.08966182917356491,0.0717269778251648,0.044594649225473404,0.07040394097566605,0.0855925977230072,0.06746862828731537,0.06110069900751114,0.08369317650794983,0.046554505825042725,0.048278968781232834,0.0788145512342453
769.622,0.06269,0.04787956923246384,0.05051558092236519,0.047292519360780716,0.05213813856244087,0.05895282328128815,0.06268152594566345,0.04484505578875542,0.06486775726079941,0.05080780014395714,0.062086645513772964,0.09104108810424805,0.06807756423950195
770.568,0.06163,0.07219409942626953,0.0616975799202919,0.07265011221170425,0.04991164058446884,0.054252129048109055,0.0720868930220604,0.09668724238872528,0.05691651254892349,0.059579700231552124,0.061661966145038605,0.06730994582176208,0.08554447442293167
771.637,0.0618,0.06238676607608795,0.05483776703476906,0.05952224135398865,0.0521174892783165,0.05592196434736252,0.0572945736348629,0.06678489595651627,0.05699224770069122,0.06791898608207703,0.06418794393539429,0.059892959892749786,0.05838901177048683
774.481,0.04152,0.049044642597436905,0.02731073647737503,0.043621160089969635,0.02843140996992588,0.03138628602027893,0.03267516940832138,0.032853905111551285,0.032641198486089706,0.07461731135845184,0.059107568114995956,0.02474980615079403,0.03039381094276905
775.485,0.04302,0.04558144882321358,0.029058950021862984,0.050555791705846786,0.02939419448375702,0.026405490934848785,0.033183928579092026,0.03623714670538902,0.032636284828186035,0.05537892505526543,0.05184151232242584,0.0333714634180069,0.03577841818332672
778.513,0.13082,0.1095588356256485,0.12479785084724426,0.10257985442876816,0.11536242067813873,0.13195966184139252,0.13196833431720734,0.10704853385686874,0.11486536264419556,0.10056290030479431,0.11218920350074768,0.13062873482704163,0.13875587284564972
779.516,0.06399,0.0755850151181221,0.07199817150831223,0.06361684203147888,0.08355384320020676,0.0773945301771164,0.08065403252840042,0.05322327837347984,0.0769280418753624,0.058891553431749344,0.05591750144958496,0.07711009681224823,0.07955320179462433
782.495,0.06434,0.07797723263502121,0.06427707523107529,0.05771475285291672,0.05996185168623924,0.05887832120060921,0.052634384483098984,0.05835573375225067,0.05191851407289505,0.05488964170217514,0.04823680594563484,0.07961858063936234,0.054247453808784485
785.652,0.07908,0.09988242387771606,0.07713865488767624,0.0858377069234848,0.07755931466817856,0.07219838351011276,0.08727620542049408,0.12208394706249237,0.0799756571650505,0.08017586171627045,0.11439912766218185,0.09570864588022232,0.07783538103103638
786.527,0.07358,0.07499492168426514,0.0714910477399826,0.05952714756131172,0.06706646084785461,0.07283572852611542,0.07554477453231812,0.09575612097978592,0.07855226844549179,0.06558152288198471,0.07822615653276443,0.1033221036195755,0.06930128484964371
788.543,0.0592,0.051274485886096954,0.05850304663181305,0.06385155022144318,0.05828225985169411,0.06339254230260849,0.05451751500368118,0.07630117982625961,0.06015877053141594,0.05602441728115082,0.05673518031835556,0.055406611412763596,0.050109200179576874
789.546,0.05872,0.07666977494955063,0.06312450766563416,0.07303673028945923,0.06596895307302475,0.07243190705776215,0.0622098371386528,0.0658540278673172,0.07001818716526031,0.05553136393427849,0.050806690007448196,0.07160676270723343,0.055164188146591187
790.54,0.05916,0.07041995227336884,0.06115131825208664,0.05954490974545479,0.06514601409435272,0.06291797757148743,0.06323154270648956,0.06742105633020401,0.06345783174037933,0.06181314215064049,0.058069221675395966,0.05233084410429001,0.05917965620756149
792.552,0.0555,0.058754969388246536,0.049364883452653885,0.061878323554992676,0.06042246147990227,0.057978808879852295,0.05786498636007309,0.0838078036904335,0.05345458164811134,0.04512584209442139,0.0602058470249176,0.04622472822666168,0.05974937230348587
794.509,0.13928,0.13232830166816711,0.13298003375530243,0.11508993059396744,0.19760754704475403,0.14233733713626862,0.10827689617872238,0.12336812913417816,0.1440201848745346,0.08054231852293015,0.10662367194890976,0.18678615987300873,0.1463526487350464
794.567,0.07346,0.07924716919660568,0.0601688027381897,0.08051435649394989,0.056422363966703415,0.06604335457086563,0.07310303300619125,0.10261882841587067,0.05937794968485832,0.06761536747217178,0.04663799703121185,0.05507272481918335,0.06765677779912949
795.636,0.07707,0.1116684228181839,0.07414644211530685,0.07634089887142181,0.07575397938489914,0.10865142196416855,0.0712679922580719,0.07761478424072266,0.08293360471725464,0.057626523077487946,0.10756801813840866,0.1343584656715393,0.07099801301956177
797.652,0.06287,0.06115639954805374,0.057310059666633606,0.06140622869133949,0.05732050910592079,0.058676958084106445,0.05720536410808563,0.07296691089868546,0.058858223259449005,0.05289866775274277,0.06776520609855652,0.05866395682096481,0.058204494416713715
799.666,0.04383,0.03946765512228012,0.03468457609415054,0.03534376621246338,0.03746398910880089,0.040917083621025085,0.03725224360823631,0.045665279030799866,0.037339843809604645,0.04376443475484848,0.05506211891770363,0.028493860736489296,0.03328651562333107
809.515,0.0759,0.08932214230298996,0.07112354785203934,0.06449610739946365,0.07152723520994186,0.10935824364423752,0.0789431482553482,0.06113698333501816,0.07883958518505096,0.057040952146053314,0.04627130180597305,0.09511381387710571,0.06779666990041733
827.558,0.08689,0.12013956159353256,0.07707339525222778,0.07038802653551102,0.10277113318443298,0.09821430593729019,0.11002803593873978,0.08660067617893219,0.07761465758085251,0.10408762097358704,0.06848641484975815,0.1490115374326706,0.07805833965539932
832.508,0.06084,0.07262499630451202,0.05885421857237816,0.06617700308561325,0.06157907843589783,0.05902344733476639,0.06399368494749069,0.06066344305872917,0.06578332185745239,0.06649850308895111,0.0629693865776062,0.08682512491941452,0.060444511473178864
833.514,0.06769,0.09955520182847977,0.06721331924200058,0.07198021560907364,0.0597006119787693,0.060305215418338776,0.06095905229449272,0.0873141884803772,0.06407513469457626,0.09240937978029251,0.07778498530387878,0.09345740079879761,0.06512613594532013
835.53,0.05168,0.05371461063623428,0.044843725860118866,0.04185856506228447,0.046610016375780106,0.05128274857997894,0.0418858677148819,0.06036219373345375,0.036353956907987595,0.047634027898311615,0.0577552393078804,0.05753983557224274,0.03808838129043579
836.534,0.04855,0.04684364050626755,0.04502377659082413,0.04221123456954956,0.05011105164885521,0.04703719541430473,0.044852178543806076,0.056347139179706573,0.03622879832983017,0.04742450267076492,0.04509659856557846,0.045955684036016464,0.03929781913757324
837.545,0.16965,0.2015589028596878,0.1671791970729828,0.14534372091293335,0.23098456859588623,0.17210626602172852,0.14890453219413757,0.12953223288059235,0.2353009134531021,0.1372162252664566,0.10050225257873535,0.17257432639598846,0.13352830708026886
855.561,0.03211,0.03498247638344765,0.028984174132347107,0.029885753989219666,0.029664482921361923,0.030302604660391808,0.029505645856261253,0.030786514282226562,0.02931124158203602,0.03142205625772476,0.030746085569262505,0.03704145550727844,0.026223894208669662
857.514,0.05069,0.053298138082027435,0.060917776077985764,0.04924812167882919,0.044321879744529724,0.07004732638597488,0.05721806362271309,0.05261677876114845,0.07056718319654465,0.06736201047897339,0.041940800845623016,0.04373038187623024,0.07116406410932541
857.576,0.0418,0.042283374816179276,0.0430680550634861,0.056433405727148056,0.03792194649577141,0.04066929221153259,0.046412378549575806,0.055331021547317505,0.036177586764097214,0.046278778463602066,0.03526255488395691,0.04647627845406532,0.031260617077350616
859.527,0.04195,0.05895783379673958,0.034782979637384415,0.03542105108499527,0.04432855173945427,0.041365914046764374,0.03607715666294098,0.039505552500486374,0.03383879363536835,0.036480389535427094,0.03411482274532318,0.05085432529449463,0.03403664380311966
861.545,0.12438,0.1411328911781311,0.1433980017900467,0.14507456123828888,0.11521544307470322,0.1037261113524437,0.0921090841293335,0.23062114417552948,0.11466427147388458,0.12342782318592072,0.12898750603199005,0.1424897015094757,0.12365654855966568
862.603,0.04202,0.035506073385477066,0.0426306426525116,0.04477209225296974,0.034122686833143234,0.03899068012833595,0.041703976690769196,0.08551044762134552,0.03575630486011505,0.04779641330242157,0.06259407848119736,0.04871120676398277,0.03213147819042206
863.561,0.09264,0.11514773964881897,0.07907269895076752,0.10881894826889038,0.10841872543096542,0.08207954466342926,0.10413400828838348,0.12085383385419846,0.08450494706630707,0.12292398512363434,0.1429615467786789,0.107511967420578,0.07099711149930954
870.597,0.2017,0.5336708426475525,0.07899081707000732,0.09717251360416412,0.2065150886774063,0.11863818764686584,0.179243266582489,0.12007791548967361,0.11274642497301102,0.12306767702102661,0.0870402455329895,0.6877316236495972,0.11156181991100311
876.618,0.06422,0.043327782303094864,0.05855429917573929,0.058020077645778656,0.04929749295115471,0.050145335495471954,0.0561855211853981,0.06953278928995132,0.056289419531822205,0.048565275967121124,0.06875579804182053,0.05314605310559273,0.04282734543085098
878.598,0.12594,0.1253441572189331,0.12001834809780121,0.12681275606155396,0.13708089292049408,0.112523153424263,0.10073070973157883,0.19017058610916138,0.1443205028772354,0.09105226397514343,0.2214190661907196,0.14259178936481476,0.10702032595872879
879.561,0.05239,0.05599958822131157,0.05183147266507149,0.054288532584905624,0.04733457788825035,0.05391722545027733,0.07366590201854706,0.05585106462240219,0.05103107914328575,0.06371910870075226,0.04807756096124649,0.04317810758948326,0.0477767288684845
881.616,0.34245,0.2373756319284439,0.2864453196525574,0.1700354814529419,0.198227196931839,0.6378763318061829,0.36065050959587097,0.13397037982940674,0.5060064792633057,0.17298169434070587,0.12745432555675507,0.12705254554748535,0.5662686228752136
883.528,0.04103,0.037862490862607956,0.05315912887454033,0.04588405787944794,0.033712759613990784,0.04646418243646622,0.052910760045051575,0.05297385901212692,0.04144714027643204,0.06353850662708282,0.035320039838552475,0.030518366023898125,0.046305615454912186
883.59,0.0564,0.055447738617658615,0.059009768068790436,0.05862473323941231,0.0629945620894432,0.056613024324178696,0.0649714395403862,0.06079550459980965,0.056390825659036636,0.05618194490671158,0.06214922294020653,0.04871351271867752,0.05404586344957352
885.545,0.05759,0.06872359663248062,0.06067783758044243,0.07738486677408218,0.050245001912117004,0.05336611345410347,0.0728568509221077,0.05761728063225746,0.07746002078056335,0.06895453482866287,0.0549047626554966,0.04476416856050491,0.05118273198604584
886.548,0.02956,0.029395081102848053,0.02926643006503582,0.03521331027150154,0.020337723195552826,0.02841918170452118,0.0325196348130703,0.026143038645386696,0.0384669154882431,0.024030618369579315,0.02325454354286194,0.01976916380226612,0.030866526067256927
890.633,0.08532,0.06788147985935211,0.0839543342590332,0.07818195968866348,0.07609105855226517,0.07228819280862808,0.09545212239027023,0.11106622219085693,0.06714273244142532,0.06616844236850739,0.08164871484041214,0.11314117908477783,0.06116953864693642
892.613,0.06757,0.05685275048017502,0.06022605299949646,0.06901335716247559,0.0579611137509346,0.053868167102336884,0.04518960416316986,0.08214077353477478,0.05782799422740936,0.06315933912992477,0.10343390703201294,0.060201145708560944,0.04600387439131737
893.616,0.05301,0.05201886221766472,0.055568188428878784,0.054858192801475525,0.06617201119661331,0.057187940925359726,0.04799652844667435,0.060439541935920715,0.05170056223869324,0.04087577015161514,0.055319637060165405,0.05536907911300659,0.04722197353839874
894.626,0.25286,0.2605546712875366,0.34152036905288696,0.21706520020961761,0.26708540320396423,0.48192349076271057,0.368369996547699,0.17845790088176727,0.44483619928359985,0.22230543196201324,0.15506592392921448,0.22730660438537598,0.47886237502098083
896.609,0.09322,0.09741077572107315,0.09097644686698914,0.08878228068351746,0.08876233547925949,0.12046710401773453,0.10226252675056458,0.07355023175477982,0.10689561069011688,0.07815960794687271,0.09176302701234818,0.10014800727367401,0.11093949526548386
898.6,0.07737,0.11722263693809509,0.06819753348827362,0.06276366114616394,0.06441941112279892,0.1272176206111908,0.07219995558261871,0.0786861702799797,0.06571852415800095,0.06853925436735153,0.06479386240243912,0.07548227161169052,0.06875696778297424
905.615,0.05291,0.05374632403254509,0.05239778012037277,0.057496726512908936,0.048962704837322235,0.05555931478738785,0.06045447662472725,0.06795565038919449,0.056187670677900314,0.054023146629333496,0.05912618339061737,0.05316339433193207,0.05705069750547409
910.623,0.09794,0.084261953830719,0.09508471190929413,0.08265964686870575,0.08590993285179138,0.10495908558368683,0.10527860373258591,0.07476923614740372,0.10829136520624161,0.07547806948423386,0.06133536621928215,0.0917351096868515,0.12644977867603302
922.614,0.1221,0.1108856350183487,0.11688289046287537,0.09942464530467987,0.09124566614627838,0.17095674574375153,0.14650031924247742,0.0834796205163002,0.15921734273433685,0.08401580899953842,0.0754350796341896,0.09278762340545654,0.19858431816101074
924.637,0.31906,0.26514163613319397,0.3203750252723694,0.22519850730895996,0.2499006688594818,0.5305826663970947,0.4072706401348114,0.17529098689556122,0.44890424609184265,0.18826386332511902,0.1648288071155548,0.21699906885623932,0.6106044054031372
940.56,0.09924,0.07143230736255646,0.12017202377319336,0.0891062542796135,0.07654474675655365,0.14145347476005554,0.14090296626091003,0.09793730825185776,0.12112998217344284,0.11868682503700256,0.08261947333812714,0.068697489798069,0.09830563515424728
