m/z value,Total,VAN0010-LK-152-8,VAN0012-RK-102-164,VAN0012-RK-102-167,VAN0013-LK-203-8,VAN0016-LK-203-68,VAN0028-LK-4-8,VAN0029-RK-2-82,VAN0030-LK-3-383,VAN0031-LK-2-38,VAN0031-LK-3-63,VAN0033-RK-2-66,VAN0034-RK-4-36
622.444,639.61276,418.60919189453125,639.6006469726562,472.01971435546875,1123.9222412109375,299.8901062011719,628.099609375,879.84326171875,639.74609375,465.3901672363281,499.4764099121094,711.9725952148438,447.2486572265625
650.439,800.8223,838.1175537109375,1280.96728515625,622.0545654296875,264.56817626953125,722.2239379882812,2456.709228515625,869.2247924804688,2696.435302734375,504.10223388671875,427.0752868652344,2030.08837890625,616.1441040039062
650.475,11684.11914,21364.310546875,20109.138671875,13412.9765625,7220.02587890625,11097.6796875,10119.154296875,23484.03125,3925.587890625,20804.2890625,17317.4921875,18217.68359375,4945.0576171875
675.543,914.59216,780.812744140625,936.0885620117188,986.0640869140625,1135.2930908203125,870.9635009765625,899.6635131835938,557.7080078125,802.2531127929688,1223.626220703125,1159.149169921875,1186.0633544921875,648.1983032226562
678.47,276.25645,257.18463134765625,442.5307922363281,224.86973571777344,113.497802734375,259.4060363769531,698.541748046875,275.2525329589844,900.4886474609375,163.60342407226562,136.27066040039062,562.6732177734375,218.20001220703125
682.456,314.71388,189.08929443359375,789.03173828125,915.9820556640625,259.49786376953125,327.8432312011719,321.64166259765625,780.141845703125,180.36163330078125,871.6459350585938,871.3110961914062,239.1761932373047,139.33242797851562
697.477,177.55907,118.90603637695312,527.2755126953125,568.0719604492188,123.9483871459961,121.76956176757812,159.54266357421875,580.8634033203125,98.9103775024414,717.5479125976562,759.1201782226562,159.84523010253906,102.98490905761719
701.559,929.56064,994.0504150390625,931.7240600585938,1113.8975830078125,1184.638671875,977.939453125,1195.5980224609375,467.31329345703125,582.305419921875,1779.216796875,1647.7777099609375,1097.216552734375,465.5816955566406
703.574,27009.6875,26695.533203125,27650.7734375,30912.359375,29018.140625,30805.984375,31149.537109375,21852.61328125,23612.486328125,34668.46875,32715.279296875,28431.794921875,21717.580078125
706.465,370.22258,181.67608642578125,369.8312072753906,288.7872619628906,500.8520202636719,230.552001953125,352.56768798828125,451.33563232421875,298.6250305175781,151.81422424316406,173.78187561035156,514.6922607421875,487.1446228027344
706.537,534.71402,534.5789184570312,499.4731750488281,460.470947265625,498.07623291015625,427.1614074707031,558.8204956054688,489.11761474609375,471.31890869140625,826.007080078125,819.8864135742188,819.7203369140625,479.2543029785156
720.552,355.65533,286.90966796875,342.20440673828125,317.197265625,367.8757019042969,314.72412109375,306.5902099609375,361.9964599609375,305.2851257324219,416.17578125,417.5107116699219,515.0038452148438,338.46697998046875
720.589,734.60489,811.4808959960938,1047.908935546875,1065.680908203125,539.42919921875,796.7167358398438,772.3529663085938,876.006103515625,745.0319213867188,835.5247802734375,862.5293579101562,614.767578125,691.0738525390625
721.477,237.90769,177.1552734375,774.1672973632812,912.0192260742188,191.56024169921875,168.32290649414062,221.5200653076172,551.5413208007812,122.62606048583984,939.617431640625,964.3156127929688,205.5753936767578,105.73372650146484
723.492,305.93837,244.18133544921875,1330.6500244140625,1717.466552734375,255.69778442382812,223.40960693359375,286.2756652832031,903.378173828125,146.07728576660156,1967.1552734375,2186.606689453125,265.3696594238281,129.11624145507812
725.556,4539.02759,3536.53369140625,8154.00146484375,9574.322265625,4090.401611328125,4576.6796875,5435.58056640625,5859.3037109375,2609.5224609375,10256.68359375,10607.541015625,4353.01123046875,2321.22705078125
729.59,296.22021,276.099853515625,387.9918518066406,434.45635986328125,344.31781005859375,312.1006774902344,445.3211669921875,168.5966796875,222.35089111328125,478.3379821777344,444.322021484375,243.1824493408203,156.58595275878906
730.537,128.94515,156.8453369140625,126.82411193847656,127.15278625488281,139.28900146484375,96.61272430419922,144.45223999023438,84.65789794921875,97.56855773925781,182.56153869628906,173.04031372070312,184.79869079589844,91.48822021484375
731.605,2106.25659,1603.3675537109375,2818.478759765625,2632.026611328125,2055.797119140625,2300.347900390625,2454.802978515625,2354.43994140625,2039.28857421875,2814.659423828125,2560.84912109375,1310.17578125,1399.1220703125
732.553,1125.9538,1087.98828125,1099.308837890625,1130.6109619140625,1084.1112060546875,911.6621704101562,1518.3101806640625,755.547607421875,952.2106323242188,2187.194091796875,2194.07080078125,1566.625732421875,1012.69140625
734.45,475.46687,194.16131591796875,563.6497802734375,409.01824951171875,478.59149169921875,270.0630187988281,751.1737060546875,880.2697143554688,482.8612060546875,293.21478271484375,297.5967712402344,489.12799072265625,586.0670776367188
734.569,10279.99658,11004.7734375,10316.4189453125,10533.078125,7561.11669921875,9768.1005859375,11519.1640625,11145.306640625,10023.58203125,13122.1806640625,13573.6552734375,12734.974609375,10132.8017578125
739.466,213.49625,168.41038513183594,604.6487426757812,642.424560546875,160.8795166015625,193.91261291503906,200.05018615722656,445.6544189453125,123.12317657470703,675.4327392578125,737.146240234375,169.55392456054688,91.36494445800781
741.53,2926.36755,2285.537353515625,4086.239990234375,4396.18505859375,2619.7763671875,3823.816162109375,3685.941162109375,3529.468505859375,2280.303466796875,4267.26513671875,4308.26416015625,2716.558349609375,1709.5989990234375
742.573,157.10297,177.38873291015625,231.85333251953125,249.7124786376953,143.11996459960938,145.24264526367188,156.75962829589844,176.4349365234375,115.99097442626953,220.82286071777344,208.86422729492188,140.81503295898438,106.16378021240234
744.589,236.36401,327.170166015625,312.6199645996094,370.4842834472656,236.33567810058594,219.1192626953125,233.2298126220703,168.26223754882812,207.2946014404297,300.44097900390625,310.7789306640625,215.6092529296875,158.87326049804688
745.477,145.24219,104.00395965576172,562.3922729492188,658.048095703125,115.38988494873047,98.97988891601562,137.96469116210938,381.434814453125,67.72517395019531,639.3656005859375,688.2448120117188,109.92821502685547,59.23666000366211
746.568,293.9837,294.38507080078125,314.3399353027344,315.9199523925781,333.5957946777344,256.190185546875,278.0423278808594,199.31216430664062,238.56219482421875,430.7499694824219,419.7601013183594,366.6070861816406,207.20118713378906
746.604,698.3082,748.5525512695312,900.2503662109375,1032.46142578125,651.60546875,730.0034790039062,822.3619995117188,535.5985717773438,669.4883422851562,1054.0189208984375,1100.9661865234375,611.3252563476562,492.0535583496094
747.491,157.71944,128.73046875,612.0388793945312,662.4592895507812,130.21771240234375,103.07132720947266,128.50108337402344,411.363525390625,76.49305725097656,834.1279296875,848.1550903320312,119.57286834716797,73.296142578125
748.583,332.67393,332.918701171875,350.1871337890625,372.96490478515625,320.63885498046875,314.48297119140625,317.8663024902344,331.2791748046875,300.1276550292969,447.749267578125,457.3934020996094,370.4278869628906,252.34385681152344
749.507,143.43006,113.42100524902344,480.11077880859375,584.877685546875,115.87342834472656,101.60227966308594,118.9847640991211,341.5152587890625,68.47582244873047,732.081298828125,771.0858154296875,109.27952575683594,52.878604888916016
753.586,322.71605,215.54745483398438,741.5005493164062,740.050537109375,281.7086181640625,300.42034912109375,395.2210998535156,562.543701171875,210.89859008789062,764.1112060546875,726.7442626953125,213.3455352783203,150.91407775878906
756.551,1839.90118,1700.719482421875,2751.388916015625,2798.203857421875,1478.74951171875,1581.0609130859375,2136.82470703125,2451.354736328125,1303.5467529296875,3717.466796875,3938.059326171875,2167.830322265625,1347.7384033203125
757.621,203.60873,187.80047607421875,204.5980682373047,215.2364959716797,250.27206420898438,236.00990295410156,281.3059387207031,101.74229431152344,200.5557098388672,316.78692626953125,275.32159423828125,187.16542053222656,108.67687225341797
758.569,16294.81201,19912.92578125,17242.43359375,17073.26953125,16394.3203125,15909.87109375,16933.525390625,11625.455078125,14385.119140625,19680.712890625,19197.390625,17388.154296875,11602.513671875
759.637,698.27112,489.7247314453125,780.8189697265625,697.7049560546875,771.9686279296875,849.8042602539062,806.5652465820312,568.6849365234375,949.1771240234375,718.1334228515625,661.59521484375,509.3056640625,599.63720703125
760.584,25074.32422,29510.51953125,30502.009765625,34052.875,24864.802734375,22479.060546875,24783.552734375,20164.19921875,20329.90625,39649.0234375,39750.890625,26840.576171875,18718.015625
766.573,445.99306,539.5770874023438,586.0382690429688,671.1284790039062,476.7648010253906,354.6879577636719,445.6715393066406,333.97698974609375,371.82379150390625,562.6286010742188,597.4406127929688,445.49298095703125,269.141845703125
768.587,580.10382,776.0497436523438,1019.12744140625,1182.213134765625,503.5273132324219,550.0850219726562,656.911865234375,513.0673828125,510.2303771972656,840.657958984375,924.6057739257812,465.357177734375,357.9634094238281
769.56,282.57713,220.28170776367188,465.2850646972656,424.42266845703125,265.70745849609375,316.7193603515625,337.34539794921875,307.1615905761719,239.3839111328125,394.8329772949219,397.41748046875,220.04537963867188,168.17449951171875
772.524,885.77768,775.49365234375,1122.7352294921875,1038.6240234375,568.1224975585938,1029.9791259765625,1103.791259765625,1297.144287109375,814.3596801757812,1231.3895263671875,1351.406982421875,998.7785034179688,659.584716796875
772.584,351.41512,416.5085754394531,365.475341796875,411.4327392578125,451.619873046875,341.8855285644531,313.49072265625,229.5484619140625,288.2068786621094,436.3061218261719,415.4303283691406,362.4972229003906,203.81149291992188
774.564,247.38589,182.9652557373047,527.4212646484375,375.3223571777344,238.46376037597656,233.65196228027344,178.21456909179688,270.939697265625,221.52655029296875,403.9486999511719,335.0958251953125,179.5386962890625,210.1965789794922
774.599,526.98236,581.1685791015625,658.017822265625,814.8460693359375,601.2870483398438,485.61376953125,464.0299987792969,375.970947265625,399.41693115234375,860.6199951171875,873.985595703125,525.1060180664062,303.2273864746094
778.512,323.71779,224.09881591796875,495.15264892578125,234.82008361816406,208.1282196044922,209.80697631835938,716.6463623046875,322.3908996582031,973.6563720703125,184.06419372558594,160.47804260253906,598.049072265625,337.7522277832031
780.551,2546.55054,2554.35205078125,4045.669677734375,4214.78369140625,2494.421630859375,2067.55908203125,2648.7568359375,2438.85546875,1617.162109375,4732.123046875,4783.01806640625,2545.60009765625,1387.55029296875
782.568,12825.06396,14189.685546875,18433.302734375,20153.3125,12526.9833984375,11346.0146484375,14444.8828125,11512.802734375,10034.0859375,20471.607421875,21442.681640625,12367.517578125,9012.4443359375
784.583,7019.40381,8001.3251953125,7581.7041015625,7774.17041015625,7535.74951171875,6286.68798828125,6869.349609375,5042.1103515625,5756.2978515625,10131.46875,9916.009765625,7444.3916015625,4540.19091796875
785.652,497.40695,463.9014892578125,486.1130676269531,551.04736328125,609.29833984375,499.8266296386719,578.1719970703125,261.0965270996094,469.5664978027344,599.6514892578125,556.1127319335938,550.7116088867188,303.97381591796875
786.599,9909.81348,13170.59375,10902.4794921875,11827.5322265625,10408.4140625,9880.443359375,8813.6474609375,7223.7861328125,8513.359375,15105.8173828125,14450.6337890625,10101.541015625,6479.06884765625
787.668,1766.01147,1661.23779296875,2164.39990234375,2006.1827392578125,1831.3133544921875,2052.835205078125,1979.6229248046875,1522.033935546875,2197.312744140625,1487.460693359375,1494.821533203125,1290.28955078125,1600.86767578125
790.512,4649.81592,1703.767822265625,4397.1728515625,3504.437255859375,4911.48583984375,2523.3291015625,5450.8271484375,7403.4453125,4147.9296875,1964.7628173828125,2192.762451171875,6032.353515625,6481.32177734375
796.525,1511.8847,1541.2196044921875,2096.65576171875,1956.7010498046875,1372.3902587890625,1662.155517578125,1680.4552001953125,1415.81103515625,1237.4453125,1977.2841796875,2009.263427734375,1524.58203125,830.4813232421875
796.583,250.04416,249.59619140625,333.973388671875,374.6507263183594,291.1009826660156,214.1468963623047,242.64439392089844,213.40347290039062,190.7681427001953,358.1838073730469,373.87115478515625,214.97662353515625,154.7930145263672
798.539,2407.39136,2296.5966796875,3796.570556640625,3845.68115234375,2114.29931640625,2577.10986328125,2609.5712890625,2609.628173828125,1850.3814697265625,4194.1005859375,4434.81787109375,2309.70751953125,1415.652099609375
804.55,1168.63947,1074.631591796875,2246.414794921875,2352.687255859375,1143.0029296875,935.637451171875,1385.7823486328125,1277.051025390625,734.3641967773438,2178.130859375,2474.18310546875,1051.356689453125,650.4155883789062
806.566,1814.31635,1973.597412109375,2469.67724609375,2386.7216796875,2147.4892578125,1387.40185546875,1797.9168701171875,1461.50732421875,1291.625,2722.621337890625,2851.260986328125,1672.025634765625,927.3142700195312
808.582,3990.31909,4080.341796875,5954.42041015625,5816.62158203125,4192.58984375,3328.528076171875,4379.32861328125,3464.59814453125,2779.058349609375,7325.7431640625,7907.54736328125,3947.744873046875,2399.932373046875
809.65,385.68675,336.8504943847656,686.8556518554688,694.6554565429688,364.2273254394531,374.90716552734375,417.6773376464844,457.7478942871094,305.4513244628906,543.8155517578125,568.1346435546875,295.3189392089844,235.56910705566406
810.599,7024.81543,8711.3134765625,10815.603515625,12152.478515625,6704.48291015625,7038.3837890625,7267.86962890625,6700.775390625,5903.02734375,12156.8134765625,13201.7490234375,6006.45654296875,4716.60791015625
811.667,849.90125,987.483154296875,700.2013549804688,812.0410766601562,964.7728271484375,838.8714599609375,1131.0301513671875,578.6131591796875,788.1284790039062,842.1389770507812,808.416259765625,1029.787353515625,628.8607177734375
813.683,4833.87158,5346.7998046875,5065.0830078125,5850.89697265625,5107.419921875,4917.9931640625,5514.78955078125,3745.78515625,4597.86669921875,5430.53125,5616.66064453125,4392.126953125,3803.29541015625
815.698,3443.65466,4303.91796875,3995.692626953125,4096.701171875,3335.58203125,3646.97998046875,3747.437255859375,3341.638671875,3740.621826171875,3014.939697265625,3257.662353515625,2773.839111328125,3072.41162109375
816.527,426.62938,235.1778564453125,631.91064453125,485.1863708496094,485.52520751953125,402.0039978027344,424.09271240234375,409.77349853515625,329.1878662109375,452.2323913574219,476.8821716308594,410.4786376953125,424.907958984375
818.543,1480.91107,649.10888671875,1529.5130615234375,1178.0777587890625,1582.5526123046875,909.0589599609375,1584.880126953125,2394.363037109375,1495.3199462890625,663.8952026367188,720.4371948242188,1740.279296875,1890.127685546875
820.524,831.42551,745.14453125,1327.28662109375,1220.306640625,793.2799682617188,853.531494140625,1018.3139038085938,907.8800659179688,681.1744384765625,998.6686401367188,1116.122802734375,718.8915405273438,517.4218139648438
822.538,573.55801,541.4677734375,776.5339965820312,676.023681640625,581.7611083984375,613.182373046875,607.2852172851562,536.185546875,459.6600341796875,830.6505737304688,836.88037109375,564.832275390625,316.1580810546875
824.555,879.20511,939.6375122070312,1227.169677734375,1184.87255859375,831.063232421875,1059.1278076171875,848.5304565429688,825.258544921875,717.2694091796875,1397.952880859375,1474.7711181640625,823.41162109375,453.6887512207031
830.552,549.34448,398.2032165527344,805.9945068359375,687.0130615234375,582.1319580078125,425.0155944824219,620.0447998046875,545.8206787109375,447.5630187988281,641.1787719726562,747.0968017578125,588.298828125,390.18621826171875
832.581,860.18417,887.4613037109375,1689.3511962890625,1883.6119384765625,858.460205078125,718.0485229492188,949.6427612304688,970.758544921875,560.6439819335938,1962.80029296875,2261.07470703125,707.6748657226562,422.1286315917969
835.665,761.17346,678.8123168945312,1368.2503662109375,1668.4132080078125,728.1605224609375,671.6245727539062,897.9912719726562,914.3756103515625,475.9992370605469,1522.72119140625,1733.430908203125,644.0175170898438,393.53680419921875
837.68,563.6001,565.0134887695312,1120.16552734375,1196.8507080078125,497.6398620605469,524.8872680664062,627.4909057617188,840.9130859375,404.61212158203125,879.7553100585938,990.4960327148438,410.7435607910156,340.7961120605469
843.611,378.50867,166.59295654296875,352.60369873046875,272.48724365234375,467.1717834472656,267.2235412597656,421.6900329589844,649.5639038085938,350.4185485839844,114.86392211914062,124.89984893798828,395.0643005371094,647.7208251953125
845.672,369.85043,517.0601806640625,335.7201843261719,425.0386047363281,441.1070251464844,333.96014404296875,398.18505859375,177.70602416992188,298.51666259765625,452.4683532714844,490.4810485839844,508.0274353027344,185.16615295410156
848.555,530.4671,515.4998779296875,889.2781372070312,874.6626586914062,471.8666076660156,599.4549560546875,601.9444580078125,601.9640502929688,441.1156921386719,822.0152587890625,926.1332397460938,410.0663757324219,289.97607421875
851.639,480.5372,423.56097412109375,667.0368041992188,724.0115966796875,461.7898254394531,553.2407836914062,584.4521484375,515.0691528320312,414.1185607910156,595.5870971679688,668.30859375,397.4551696777344,280.5911560058594
853.653,379.89061,374.42352294921875,575.7958984375,561.3067626953125,328.029296875,448.5869445800781,440.5713806152344,515.5906982421875,367.06268310546875,379.349609375,422.6730041503906,285.1235046386719,240.66090393066406
867.657,130.61324,171.88906860351562,129.72265625,152.3653106689453,160.35997009277344,120.9891586303711,165.71383666992188,74.7869873046875,113.36079406738281,124.52767181396484,136.36935424804688,155.46017456054688,68.6597671508789
894.597,461.98587,64.70866394042969,644.4175415039062,354.7618103027344,725.8692626953125,580.80322265625,574.2656860351562,1960.09521484375,178.2733612060547,1030.1407470703125,769.1417846679688,56.077796936035156,223.9718017578125
910.57,299.58084,61.08882141113281,399.63433837890625,222.58216857910156,447.7932434082031,500.404296875,395.0494384765625,1215.57666015625,160.24505615234375,510.1583557128906,386.374267578125,50.73112487792969,156.02882385253906
914.636,151.22929,132.99874877929688,179.94969177246094,146.17872619628906,256.17999267578125,127.7855453491211,110.48367309570312,129.1309814453125,115.23499298095703,192.466552734375,159.43966674804688,118.17389678955078,115.32988739013672
916.579,180.62541,25.748886108398438,412.5220642089844,267.5850524902344,237.7611083984375,212.87733459472656,220.111572265625,1257.309814453125,56.402793884277344,757.8495483398438,585.2090454101562,22.945730209350586,70.03401184082031
916.651,179.9738,177.88983154296875,231.31837463378906,209.65684509277344,243.48184204101562,159.1133575439453,148.44000244140625,124.75994873046875,145.7654571533203,263.09521484375,238.3598175048828,158.23667907714844,113.69621276855469
932.553,194.08582,38.89619445800781,385.112060546875,247.3100128173828,237.8405303955078,235.0991973876953,224.32186889648438,1170.5751953125,91.02506256103516,546.15087890625,429.58013916015625,53.88215637207031,107.91854858398438
941.635,165.81016,188.60043334960938,154.22801208496094,163.26986694335938,237.3018035888672,167.81178283691406,174.31370544433594,90.66630554199219,151.71124267578125,173.36932373046875,164.047119140625,178.41383361816406,102.25643920898438
943.65,248.65232,268.8813781738281,234.70233154296875,287.35211181640625,339.4013977050781,239.55174255371094,250.22975158691406,133.738037109375,220.38247680664062,300.54522705078125,306.78265380859375,262.98785400390625,141.053466796875
