m/z value,Total,VAN0010-LK-152-8,VAN0012-RK-102-164,VAN0012-RK-102-167,VAN0013-LK-203-8,VAN0016-LK-203-68,VAN0028-LK-4-8,VAN0029-RK-2-82,VAN0030-LK-3-383,VAN0031-LK-2-38,VAN0031-LK-3-63,VAN0033-RK-2-66,VAN0034-RK-4-36
616.475,13916.79199,15513.076171875,11895.125,14091.15234375,15251.6259765625,15954.89453125,15161.615234375,9041.16796875,14459.390625,11666.568359375,14852.2998046875,16791.8359375,11957.609375
630.49,1350.95618,1538.9090576171875,1120.240966796875,1396.78125,1437.2139892578125,1518.983154296875,1286.1414794921875,870.05419921875,1361.7550048828125,1062.1851806640625,1341.4835205078125,1544.346923828125,1416.59619140625
642.49,4487.79199,4941.91552734375,3826.80419921875,4847.7890625,4717.62548828125,4927.38427734375,4742.21142578125,2784.35791015625,4425.51708984375,3719.6396484375,4838.6044921875,5314.251953125,4027.9580078125
644.505,2340.51221,2539.067626953125,2043.48095703125,2574.2646484375,2309.506591796875,2715.6796875,2678.898681640625,1456.458984375,2555.806396484375,1978.673828125,2376.69775390625,2441.283447265625,2073.191650390625
647.468,1621.87268,2322.38525390625,1164.37109375,1390.896484375,1230.00927734375,1728.677978515625,1829.772705078125,1348.1396484375,2008.171630859375,1305.34814453125,1511.7691650390625,2705.358642578125,1941.4256591796875
650.406,970.36224,465.5272521972656,603.5831298828125,523.1796875,1302.9764404296875,659.2250366210938,1744.8741455078125,1454.510498046875,1796.9739990234375,225.57257080078125,273.8817138671875,2265.33740234375,2253.8837890625
664.422,1546.84424,753.972900390625,928.272705078125,828.9530029296875,2212.575439453125,1036.65380859375,3162.037109375,2304.38232421875,2908.357177734375,284.4963684082031,352.7487487792969,4103.1513671875,3855.261474609375
671.468,3126.68921,5082.7353515625,2461.51904296875,2826.127685546875,3335.3525390625,3247.2783203125,3239.093505859375,1738.07470703125,3358.2294921875,2620.34130859375,2657.740966796875,4077.93505859375,2850.619384765625
672.535,752.69312,757.4730834960938,619.9578247070312,781.927001953125,771.2052612304688,999.5093994140625,943.1984252929688,496.3833312988281,1011.3514404296875,701.6510009765625,684.6336059570312,676.9124145507812,742.6807861328125
673.483,6159.5083,8668.3916015625,5527.65771484375,6158.6474609375,5971.3291015625,6026.4140625,6051.35888671875,3505.25048828125,5932.224609375,5653.0888671875,7419.67431640625,7420.763671875,5473.32470703125
678.437,326.00256,195.97537231445312,210.83151245117188,196.62985229492188,393.7510986328125,247.02792358398438,487.7037048339844,480.81292724609375,580.5909423828125,83.23408508300781,106.07943725585938,662.05517578125,640.5980834960938
685.483,565.96222,849.8736572265625,439.62567138671875,543.8320922851562,616.7490234375,571.17529296875,480.58380126953125,344.10101318359375,571.948486328125,420.715576171875,529.585693359375,741.2578125,596.2120361328125
687.499,961.16418,1173.170166015625,830.076171875,981.8389892578125,1030.72607421875,882.7274169921875,730.9110107421875,726.2911987304688,983.23583984375,792.2362060546875,1032.934814453125,1004.9038696289062,1086.048828125
692.452,521.03943,299.6759033203125,337.256591796875,303.4373779296875,654.6256713867188,386.3276062011719,869.0335693359375,775.4027099609375,970.0224609375,107.18121337890625,135.7681427001953,1162.2037353515625,1118.7869873046875
695.467,2269.16772,3356.865478515625,2144.64892578125,2287.4287109375,2636.80859375,2296.09228515625,2267.083984375,1316.794677734375,2293.107421875,1736.404052734375,1964.790283203125,2341.384765625,2184.2705078125
697.482,2646.85229,4031.335205078125,2073.631591796875,2274.84130859375,3117.090087890625,2707.159423828125,2552.092041015625,1433.5992431640625,2695.40625,2236.341552734375,2569.55517578125,3430.365966796875,2376.576171875
698.551,633.57336,681.8255004882812,505.19586181640625,697.490234375,627.3968505859375,707.136962890625,691.1223754882812,368.06048583984375,722.8651123046875,563.701171875,667.120849609375,697.5985717773438,514.4925537109375
699.498,5402.38428,7950.2900390625,4588.53466796875,4993.0341796875,5632.703125,5793.44873046875,4986.60205078125,3102.790771484375,5340.3818359375,4769.2587890625,6351.51953125,6349.46337890625,4552.947265625
700.502,2379.32178,3621.6005859375,2026.401611328125,2255.67626953125,2394.94384765625,2570.5546875,2202.277587890625,1330.852783203125,2342.466552734375,2149.05810546875,2814.07080078125,2788.38037109375,1962.1180419921875
700.566,1088.57471,1224.9366455078125,945.42822265625,1225.202392578125,1021.73291015625,1352.888671875,1174.930908203125,841.77490234375,1471.3514404296875,839.167236328125,903.007568359375,917.8905029296875,1137.392822265625
701.513,5715.58936,7800.31396484375,5815.0390625,6060.8134765625,5344.46240234375,6887.611328125,5453.25341796875,3525.378662109375,5387.05810546875,5044.5439453125,7252.66552734375,5419.8046875,4965.3837890625
714.509,1329.97546,2477.713134765625,1041.1763916015625,1082.0537109375,1625.091552734375,1517.0306396484375,1437.1094970703125,783.9923095703125,1308.0516357421875,1089.5369873046875,1266.28076171875,1709.94287109375,1164.181396484375
714.581,444.93536,554.900390625,403.706787109375,526.5908203125,409.432373046875,502.6781921386719,445.94390869140625,333.0380859375,538.0446166992188,321.26031494140625,356.494384765625,400.66900634765625,499.0286865234375
715.512,661.59833,1144.794677734375,542.142578125,578.0684204101562,745.7925415039062,742.2489013671875,682.7943725585938,403.1654052734375,654.4544677734375,544.7598876953125,646.78857421875,824.4198608398438,605.5515747070312
716.524,1947.85608,3328.259521484375,1509.923583984375,1602.8868408203125,2045.3759765625,2177.25146484375,2089.8349609375,1075.0712890625,1789.347900390625,1831.1226806640625,2389.91943359375,2497.533447265625,1902.6671142578125
718.539,2920.50391,4292.30126953125,2036.1573486328125,2472.083984375,2111.953369140625,3251.88427734375,3466.821044921875,2382.9970703125,3609.903564453125,2326.209716796875,2887.63232421875,5000.13232421875,3350.1376953125
721.482,1385.63757,1821.1807861328125,1328.07080078125,1362.563720703125,1561.5709228515625,1280.6005859375,1427.4619140625,824.3646240234375,1323.756103515625,1063.589111328125,1454.5643310546875,1601.3492431640625,1261.4935302734375
722.513,3355.0647,6160.81298828125,2908.673828125,2895.15380859375,3474.588134765625,3773.126220703125,4818.77783203125,1695.7470703125,3302.427978515625,2401.6240234375,3774.04150390625,4217.8291015625,2843.705322265625
723.5,5615.7793,7977.18212890625,5586.21630859375,5428.552734375,6045.3720703125,5617.06787109375,5371.78564453125,3462.949462890625,5488.03125,4553.9375,6361.294921875,5706.03857421875,4813.673828125
726.581,2838.20117,3583.022216796875,2272.933837890625,3367.15966796875,2903.41259765625,3062.69775390625,3120.4013671875,1786.152587890625,3118.289306640625,2323.935791015625,2654.029052734375,2809.2958984375,2558.987548828125
728.526,638.35144,999.8634643554688,573.367919921875,648.6824951171875,573.5498046875,666.94287109375,592.9652099609375,352.8615417480469,637.8328247070312,588.466064453125,764.942138671875,772.9369506835938,508.41033935546875
728.596,1753.04126,2494.424072265625,1469.4859619140625,2019.2353515625,1561.48828125,2016.266357421875,1838.663330078125,1468.1180419921875,2162.595947265625,1171.45068359375,1323.273193359375,1595.945068359375,1872.137451171875
731.44,672.83008,463.6041259765625,555.369384765625,491.6440734863281,695.1729736328125,567.2692260742188,928.2274780273438,927.553955078125,999.6878051757812,333.30218505859375,393.6325378417969,1004.0657958984375,1174.7047119140625
738.508,2488.4231,4360.2265625,2336.7255859375,2215.7197265625,3316.990966796875,2823.5009765625,2612.494140625,1437.406494140625,2512.355712890625,1800.385498046875,1932.373779296875,2562.675537109375,2425.01171875
740.522,1262.53723,2161.114013671875,1001.2960205078125,926.1437377929688,1518.4542236328125,1444.4033203125,1346.04248046875,660.5953369140625,1235.5169677734375,1127.44873046875,1328.64453125,1699.17822265625,1118.934814453125
742.539,6678.57471,11237.3203125,5086.0244140625,5658.3798828125,6710.35888671875,7418.96044921875,7224.66748046875,3493.9736328125,7039.91943359375,5988.67578125,6840.646484375,8780.759765625,5307.9970703125
743.608,917.33838,905.6941528320312,748.4256591796875,984.858154296875,860.4549560546875,1183.0087890625,1116.9547119140625,678.2393798828125,1334.3109130859375,759.0076904296875,800.6891479492188,826.0675659179688,949.517578125
744.554,8731.71387,13276.1669921875,7615.26953125,8760.5009765625,8054.59765625,9106.560546875,9113.7001953125,4515.8037109375,8386.9892578125,8742.486328125,10687.9150390625,10776.3642578125,6897.3447265625
747.517,1016.85803,1598.326416015625,833.6888427734375,940.9737548828125,1194.40625,1038.426025390625,962.3875732421875,583.40771484375,1115.02734375,810.3114013671875,1031.2139892578125,1089.2943115234375,854.44091796875
748.526,1530.59814,2577.397705078125,1404.85009765625,1326.179443359375,1612.2745361328125,1722.00830078125,2103.77392578125,770.388916015625,1438.1993408203125,1197.50341796875,1809.575439453125,2052.3837890625,1239.206298828125
749.522,1104.33252,1794.3380126953125,1021.2237548828125,1096.458251953125,1107.9996337890625,1192.4727783203125,1380.4459228515625,591.884765625,1044.513427734375,899.7669677734375,1295.8992919921875,1328.8729248046875,895.5023193359375
750.543,3013.0791,5521.693359375,3324.0341796875,3363.3388671875,2458.6591796875,3842.53125,4008.017578125,1606.1185302734375,2811.960205078125,2389.08984375,4050.90283203125,3205.533447265625,2021.3017578125
754.61,789.53772,1108.440185546875,636.5970458984375,958.9365234375,768.3932495117188,862.1951904296875,765.5812377929688,588.7012939453125,906.7139892578125,552.666015625,610.283935546875,731.3169555664062,869.720458984375
760.512,500.71173,631.9968872070312,514.543701171875,473.5747985839844,588.4346923828125,578.027587890625,503.9862365722656,334.27679443359375,454.4518127441406,360.765869140625,476.85052490234375,508.9812316894531,518.7265625
762.507,515.68097,845.568603515625,399.4380187988281,367.6942138671875,777.1012573242188,622.163330078125,523.6171264648438,322.7657470703125,552.2495727539062,366.994140625,439.61083984375,592.3381958007812,488.47430419921875
764.522,1528.65405,2254.626708984375,1425.0516357421875,1185.6058349609375,1882.4039306640625,1734.287353515625,1613.26416015625,829.8643798828125,1415.076904296875,1260.092041015625,1605.15185546875,1800.4461669921875,1380.0322265625
766.538,10239.50781,16122.3720703125,9501.29296875,9517.125,10156.310546875,11246.232421875,10942.3916015625,6136.40283203125,10455.17578125,9225.234375,11896.2861328125,10907.625,8227.50390625
769.622,566.06372,645.4535522460938,457.63873291015625,646.4210815429688,539.395751953125,621.0396118164062,694.8298950195312,288.1943054199219,598.6547241210938,549.0841064453125,611.2755126953125,692.0667724609375,402.34735107421875
770.568,2690.79346,4758.115234375,2171.02685546875,2509.14453125,2584.21142578125,3043.03662109375,2628.4189453125,1369.50341796875,2828.3828125,2577.59130859375,3112.3203125,3454.608154296875,1897.6201171875
771.637,1810.07239,2163.872802734375,1523.5008544921875,2060.431884765625,1637.0899658203125,2293.502685546875,2048.847412109375,1388.93896484375,2410.779541015625,1365.683349609375,1505.50244140625,1556.660888671875,1819.072021484375
774.481,985.9856,590.7098388671875,693.3384399414062,600.19580078125,1162.572265625,785.5916137695312,1768.1634521484375,1437.3250732421875,1738.195068359375,361.47625732421875,409.660888671875,1931.005859375,1929.007568359375
775.485,491.54306,320.09844970703125,347.7165222167969,306.0328063964844,567.1162719726562,401.68939208984375,816.0932006835938,671.9219970703125,831.1577758789062,205.0628662109375,216.31088256835938,949.8952026367188,939.1222534179688
778.513,431.86252,522.636962890625,445.38427734375,442.7461853027344,547.6867065429688,507.70440673828125,627.8975219726562,233.11306762695312,396.4847412109375,295.9584655761719,329.6920166015625,455.83856201171875,450.25262451171875
779.516,213.26866,265.5783386230469,221.984130859375,219.52337646484375,257.14642333984375,257.6319274902344,287.6386413574219,118.68128967285156,194.76121520996094,146.4910888671875,165.7247314453125,228.09014892578125,219.08421325683594
782.495,457.19754,629.5012817382812,510.78582763671875,444.70391845703125,562.7828979492188,558.5457153320312,445.5521240234375,264.86260986328125,401.7871398925781,323.24566650390625,355.5074462890625,488.0917663574219,435.62164306640625
785.652,477.01874,681.4635620117188,418.8946228027344,550.99169921875,405.57977294921875,537.3424072265625,517.7235107421875,357.5747375488281,589.457275390625,315.69384765625,351.2852783203125,489.6651916503906,487.4263916015625
786.527,880.52155,1154.5867919921875,760.6950073242188,723.3369140625,924.4659423828125,1195.338134765625,903.9514770507812,646.1990966796875,887.5338134765625,658.8876953125,933.7431030273438,1023.035400390625,755.6339111328125
788.543,2956.76929,3843.936767578125,3073.89990234375,3150.07080078125,2810.57177734375,4058.53564453125,3098.252197265625,2008.4801025390625,2758.471435546875,2521.8544921875,3704.55322265625,2541.869140625,2538.15478515625
789.546,1279.25305,1711.022216796875,1308.94140625,1338.1771240234375,1175.352294921875,1787.2525634765625,1349.697998046875,864.797119140625,1232.7196044921875,1096.685546875,1617.197998046875,1133.2054443359375,1104.7811279296875
790.54,798.18127,1231.26953125,710.671875,720.7097778320312,910.7488403320312,860.8663330078125,893.5738525390625,522.0823974609375,803.6644287109375,619.1986083984375,852.5914916992188,869.5614013671875,618.2493286132812
792.552,997.76379,1506.37939453125,951.19482421875,920.3789672851562,947.316162109375,995.6346435546875,1260.1202392578125,582.175048828125,975.25146484375,861.4951171875,1222.92529296875,1356.7635498046875,807.36962890625
794.509,435.53845,417.0283508300781,471.5006103515625,471.8836669921875,548.4751586914062,449.712890625,391.31121826171875,274.2381591796875,392.32049560546875,331.111572265625,381.6748046875,486.4399108886719,428.3087158203125
794.567,1988.55786,3198.3154296875,2049.45947265625,2314.821044921875,1572.9818115234375,2034.777099609375,2145.91162109375,1275.447509765625,1926.4566650390625,1789.7626953125,2595.046875,2119.746826171875,1512.9007568359375
795.636,865.26105,1309.7252197265625,633.5234985351562,925.314697265625,779.8930053710938,929.5610961914062,1230.2886962890625,509.222900390625,914.1569213867188,751.5966186523438,854.5579833984375,1205.2637939453125,675.8594360351562
797.652,4179.99463,5590.705078125,3355.29931640625,4736.4609375,3991.25244140625,4549.14794921875,4913.9033203125,2674.576171875,4504.78759765625,3438.4990234375,4106.64208984375,4550.4521484375,3504.993896484375
799.666,2872.07666,4335.99658203125,2341.056640625,3265.28076171875,2390.32861328125,3347.42333984375,3153.18505859375,2416.150390625,3502.948486328125,1960.526611328125,2189.97802734375,2774.906005859375,2999.259033203125
809.515,734.51361,1172.4422607421875,663.4641723632812,655.0634765625,768.958251953125,983.3131103515625,740.6090087890625,526.3572998046875,807.777587890625,490.88995361328125,551.694091796875,864.943359375,586.64453125
827.558,1266.85144,361.9119567871094,1157.9686279296875,1083.4141845703125,2058.60107421875,1897.885986328125,1654.539794921875,4238.6630859375,946.4000244140625,2299.51220703125,1689.8193359375,468.3686828613281,1170.98779296875
832.508,691.54474,1076.5716552734375,786.1666259765625,645.8179931640625,757.1797485351562,754.1926879882812,767.9756469726562,407.7525634765625,685.1484985351562,632.48876953125,649.9825439453125,719.1348266601562,540.394775390625
833.514,771.03296,1289.82763671875,727.60546875,663.71630859375,850.6015625,968.2786865234375,831.2193603515625,444.4375,757.1556396484375,597.129150390625,729.076904296875,901.8062744140625,620.1358032226562
835.53,1837.76758,2753.460693359375,1536.03125,1578.4124755859375,2051.158447265625,2026.7794189453125,1777.435791015625,1093.948974609375,1793.1387939453125,1584.2548828125,2048.53173828125,2230.249267578125,1385.78857421875
836.534,1062.51379,1556.0294189453125,939.1044921875,913.404296875,1135.0535888671875,1180.643310546875,1144.227294921875,671.78369140625,1055.5472412109375,896.589599609375,1211.99267578125,1271.1097412109375,806.5416259765625
837.545,845.10583,1285.111572265625,751.3564453125,784.913818359375,944.402099609375,1010.6890869140625,731.6500244140625,573.696044921875,1087.2542724609375,572.4915771484375,655.135986328125,887.8161010742188,626.936767578125
855.561,791.32599,1295.0091552734375,620.942138671875,737.904296875,793.6691284179688,829.523193359375,810.964111328125,479.2288818359375,868.5618286132812,680.99560546875,744.5006103515625,997.4244995117188,722.9600830078125
857.514,1841.00854,3140.083251953125,1629.00439453125,1538.214111328125,2023.661376953125,2224.853515625,1923.4259033203125,1121.7506103515625,1885.994873046875,1211.6314697265625,1763.071044921875,2163.3681640625,1557.0379638671875
857.576,1184.84509,1734.47607421875,1056.802001953125,1247.90087890625,1067.141845703125,1144.2940673828125,1114.58251953125,679.0253295898438,1186.64111328125,1159.65625,1457.30419921875,1373.47216796875,1012.8878173828125
859.527,860.74713,1548.2081298828125,707.796630859375,658.0264892578125,981.8953247070312,1032.397216796875,908.25830078125,475.274169921875,880.876953125,650.918701171875,875.191162109375,1128.5811767578125,689.64892578125
861.545,1624.55798,2717.867431640625,1351.4185791015625,1259.51025390625,1705.2103271484375,2153.2890625,1712.8544921875,854.4559326171875,1560.918701171875,1312.4071044921875,1986.020263671875,1974.1160888671875,1288.590087890625
862.603,293.37827,417.2531433105469,293.78118896484375,290.3902587890625,384.24835205078125,440.78228759765625,478.38165283203125,162.66781616210938,297.3995056152344,170.89389038085938,175.79693603515625,256.1688232421875,313.7723693847656
863.561,2814.26416,3865.143798828125,2573.580810546875,2499.0439453125,3457.739501953125,2611.95703125,2381.72900390625,1531.63330078125,2642.18115234375,2820.62255859375,3669.38525390625,3087.875,2163.4873046875
870.597,11298.58984,2058.903076171875,10010.865234375,8924.078125,23466.4765625,24754.20703125,22349.474609375,41934.84375,8227.87890625,20729.71484375,17064.578125,1575.367431640625,8568.1328125
876.618,218.64064,278.9181823730469,214.47613525390625,205.06881713867188,278.6681823730469,285.44384765625,342.9420471191406,148.6468505859375,207.56411743164062,163.2122039794922,157.00897216796875,214.8428955078125,227.310546875
878.598,287.29865,350.1728820800781,294.0635986328125,267.85101318359375,405.7337951660156,418.92352294921875,389.5491943359375,158.53504943847656,259.8689270019531,161.6301727294922,131.93045043945312,340.4723815917969,287.34820556640625
879.561,667.16266,1043.7791748046875,650.569580078125,690.478271484375,664.1023559570312,638.761474609375,617.4242553710938,415.13690185546875,716.1821899414062,536.017578125,638.6424560546875,699.0675048828125,694.6773681640625
881.616,99.11596,123.69026947021484,97.0824966430664,100.2001953125,110.7490234375,152.26083374023438,163.8158416748047,55.80043029785156,86.54251098632812,95.63910675048828,82.66291046142578,95.24824523925781,115.37107849121094
883.528,1590.5824,2014.41796875,1534.3017578125,1269.7886962890625,1865.90283203125,1743.872314453125,1857.8316650390625,892.2955322265625,1451.100341796875,1116.26904296875,1875.005126953125,2171.15380859375,1337.9530029296875
883.59,537.51978,917.503173828125,442.27374267578125,512.4326171875,499.6540222167969,598.62158203125,474.341552734375,313.219482421875,586.8038330078125,495.68817138671875,610.3028564453125,611.45263671875,468.08624267578125
885.545,19459.42773,27733.3984375,19304.1953125,17964.775390625,20489.43359375,22246.375,20712.7421875,11640.064453125,18114.26953125,15030.7412109375,23546.12109375,19628.96484375,16698.814453125
886.548,10185.18066,14824.736328125,10137.240234375,9525.197265625,10311.8837890625,11610.875,10640.0888671875,6095.345703125,9460.35546875,7862.5546875,12392.80859375,10590.11328125,8821.19140625
890.633,365.16766,587.742919921875,315.82940673828125,333.7666015625,483.2964172363281,462.1979064941406,533.5032348632812,214.46310424804688,433.1831359863281,241.6233673095703,271.2040710449219,284.6812744140625,411.09954833984375
892.613,394.91568,472.15631103515625,416.61444091796875,385.6694030761719,567.5259399414062,525.5008544921875,549.6989135742188,213.68173217773438,324.0762634277344,245.11703491210938,216.15512084960938,483.4609680175781,417.11492919921875
893.616,259.83228,369.2771301269531,268.2647705078125,278.9283447265625,311.4737243652344,345.1431579589844,333.822265625,130.25863647460938,211.44970703125,171.20428466796875,157.0406494140625,315.01531982421875,255.07138061523438
894.626,155.70967,222.3243865966797,167.89369201660156,162.1676483154297,161.6324462890625,222.97012329101562,260.4732971191406,85.54907989501953,128.01356506347656,112.72900390625,113.28289031982422,176.54898071289062,181.25015258789062
896.609,140.80586,155.0499725341797,128.24578857421875,121.89091491699219,174.56944274902344,208.9033203125,189.67684936523438,139.32415771484375,129.45819091796875,123.9140853881836,112.52346801757812,123.92473602294922,161.36557006835938
898.6,637.17975,559.0653686523438,649.936279296875,600.5472412109375,739.3121948242188,702.954345703125,789.95556640625,880.385498046875,498.1503601074219,756.1700439453125,883.183349609375,408.3905029296875,479.84832763671875
905.615,139.46234,174.26620483398438,135.46826171875,129.1883544921875,210.79464721679688,160.6844482421875,188.3960723876953,73.65333557128906,111.29116821289062,115.56112670898438,97.00791931152344,165.01063537597656,158.88046264648438
910.623,225.24037,339.31756591796875,214.98158264160156,218.96058654785156,234.21212768554688,292.4080810546875,272.5552062988281,137.57058715820312,216.07188415527344,179.517822265625,210.32403564453125,226.46202087402344,250.709716796875
922.614,367.1528,512.7518310546875,350.76092529296875,349.16552734375,410.4259033203125,392.82452392578125,397.3893127441406,260.86083984375,372.4118957519531,436.2327575683594,400.728515625,302.3630676269531,384.2063293457031
924.637,201.62691,252.41561889648438,197.02017211914062,185.5302734375,215.14752197265625,274.175048828125,312.0856628417969,143.6077880859375,199.83062744140625,185.27468872070312,181.19200134277344,191.02597045898438,259.8676452636719
940.56,264.69983,318.4678955078125,227.42135620117188,264.4484558105469,658.3828125,305.01702880859375,309.1205139160156,183.55181884765625,222.2379913330078,163.072998046875,183.6610107421875,203.63662719726562,357.5933837890625
