m/z value,Total,VAN0010-LK-152-8,VAN0012-RK-102-164,VAN0012-RK-102-167,VAN0013-LK-203-8,VAN0016-LK-203-68,VAN0028-LK-4-8,VAN0029-RK-2-82,VAN0030-LK-3-383,VAN0031-LK-2-38,VAN0031-LK-3-63,VAN0033-RK-2-66,VAN0034-RK-4-36
622.444,664.27692,384.35833740234375,755.5534057617188,508.2032470703125,722.5355224609375,367.3544921875,875.2075805664062,887.4244995117188,743.828857421875,462.6783752441406,480.1934814453125,717.80712890625,482.1640625
650.439,1546.258,1173.31787109375,2405.48193359375,920.9083862304688,304.6860046386719,1259.7794189453125,4293.37890625,1381.2174072265625,3396.224853515625,758.7462158203125,584.456298828125,2697.33154296875,996.641357421875
650.475,11578.05957,19033.48046875,17372.1484375,13665.068359375,5016.8828125,9712.66015625,9180.169921875,21803.39453125,3179.662841796875,19380.583984375,15954.9208984375,15283.7939453125,3951.668701171875
675.543,519.09631,446.98333740234375,570.5435791015625,525.1095581054688,681.598876953125,487.97674560546875,557.9166259765625,345.3437194824219,544.1207885742188,565.1253662109375,620.3360595703125,680.142333984375,451.5417785644531
678.47,381.06854,277.9005126953125,556.0296630859375,230.99044799804688,99.69001770019531,308.0653076171875,954.671875,337.8851013183594,805.0956420898438,188.6682586669922,155.5272216796875,634.5811767578125,260.4718322753906
682.456,201.8965,97.50186157226562,526.811279296875,447.2653503417969,146.30764770507812,164.77859497070312,234.16073608398438,396.55950927734375,100.57942199707031,384.22283935546875,475.544921875,112.3302001953125,92.65350341796875
697.477,164.78883,115.31681823730469,482.3196716308594,427.7035827636719,102.36415100097656,96.37214660644531,137.06434631347656,424.7142639160156,75.31568145751953,636.4581909179688,733.2379150390625,129.96365356445312,88.78426361083984
701.559,405.90678,425.9324951171875,421.4634094238281,426.2529602050781,567.3421020507812,349.4423828125,559.1165771484375,208.70079040527344,342.2456970214844,585.0911865234375,660.8108520507812,447.0115966796875,273.5656433105469
703.574,11661.58789,9944.6826171875,13420.4814453125,12392.8134765625,12339.685546875,11832.0625,14725.0625,8711.92578125,11011.4580078125,12483.8564453125,14995.90625,10199.6728515625,10598.79296875
706.465,489.55241,189.94036865234375,485.164794921875,363.5229187011719,690.9698486328125,331.81439208984375,474.1585693359375,733.9111328125,378.5702209472656,189.28256225585938,222.9800262451172,657.6368408203125,679.1079711914062
706.537,588.55255,587.74853515625,597.457275390625,535.6517944335938,663.9469604492188,474.00518798828125,529.0984497070312,585.3861083984375,419.23583984375,875.5584106445312,947.7322998046875,1068.6602783203125,492.6882019042969
720.552,266.65611,217.7804412841797,311.5679016113281,250.0797119140625,318.6131591796875,221.7281494140625,215.64036560058594,270.6271667480469,209.06536865234375,350.8638916015625,414.1659851074219,428.110595703125,251.5363006591797
720.589,196.16,202.52725219726562,280.2628173828125,215.05706787109375,150.3287811279297,160.45274353027344,185.24844360351562,208.50277709960938,154.62213134765625,253.3743896484375,440.4379577636719,206.55242919921875,171.04635620117188
721.477,423.43123,345.2044677734375,1532.741455078125,1894.5689697265625,356.102783203125,262.0916748046875,386.83673095703125,1200.4259033203125,157.15322875976562,1678.941650390625,1579.0958251953125,336.37042236328125,161.80606079101562
723.492,613.92682,540.6636962890625,2989.42041015625,3755.1728515625,466.8633117675781,400.37982177734375,533.4802856445312,2029.234619140625,237.973388671875,3558.896484375,3213.3564453125,483.7520751953125,233.20977783203125
725.556,2270.76196,1654.6492919921875,4705.66015625,4290.7255859375,2112.35595703125,1899.7900390625,2882.56298828125,2511.377197265625,1318.2567138671875,3986.3408203125,4969.7265625,1700.11474609375,1291.64697265625
729.59,178.23943,156.68365478515625,216.9190673828125,212.30783081054688,301.1260986328125,168.6912078857422,256.3875732421875,117.77989959716797,129.95054626464844,233.56105041503906,292.5486145019531,160.300537109375,102.37631225585938
730.537,206.92419,256.0802001953125,212.48316955566406,210.019775390625,280.2725524902344,145.77066040039062,197.051513671875,161.5290985107422,139.86569213867188,274.2945556640625,257.65771484375,341.42950439453125,167.41253662109375
731.605,1751.83563,1177.884765625,2160.4091796875,1795.4278564453125,2113.146728515625,1846.0472412109375,2088.621337890625,1995.829345703125,1445.8524169921875,2008.529541015625,2286.93017578125,1111.2855224609375,1131.0555419921875
732.553,1641.22394,1592.996826171875,1752.444580078125,1869.8026123046875,1822.5601806640625,1131.7598876953125,1739.403076171875,1177.5599365234375,1155.793212890625,3221.906005859375,3222.157470703125,2671.87109375,1648.9443359375
734.45,500.42992,173.07383728027344,585.5059204101562,364.1152038574219,449.22271728515625,275.2479248046875,738.31787109375,785.2919921875,461.8948974609375,324.1687927246094,353.8885498046875,390.9322204589844,591.2608642578125
734.569,5843.99365,5708.5234375,6679.31005859375,5473.70458984375,4185.35595703125,4814.009765625,6352.78759765625,5754.02783203125,4677.701171875,8697.61328125,11565.09375,6779.7734375,5726.02734375
739.466,429.40642,346.5753173828125,1308.197509765625,1338.2777099609375,305.4785461425781,352.5826416015625,416.8569030761719,946.07861328125,211.6119384765625,1164.424072265625,1179.80224609375,312.7544250488281,176.34539794921875
741.53,1477.21246,1003.8189086914062,2413.792236328125,1903.47802734375,1413.9254150390625,1608.8758544921875,2151.50146484375,1496.0736083984375,1148.3682861328125,1625.227294921875,2224.09423828125,1093.46728515625,944.0745239257812
742.573,152.72884,207.802734375,197.36766052246094,202.24758911132812,183.05393981933594,111.05978393554688,142.9271697998047,135.30413818359375,103.76412963867188,172.99298095703125,206.40240478515625,173.6138458251953,100.27560424804688
744.589,230.07339,361.75189208984375,323.431396484375,371.8316345214844,310.67449951171875,170.15249633789062,184.8256378173828,185.1499786376953,173.35958862304688,266.3766784667969,303.42401123046875,278.39788818359375,149.5193328857422
745.477,189.61352,134.69607543945312,708.7122802734375,789.7078857421875,162.88624572753906,104.39805603027344,173.5340576171875,461.1202392578125,71.30252075195312,774.3658447265625,814.510009765625,118.41114807128906,75.43778991699219
746.568,452.63087,547.9451904296875,545.7196044921875,573.5542602539062,563.535400390625,399.9012145996094,368.3185119628906,359.83673095703125,385.5852355957031,656.9530639648438,585.11279296875,645.2921142578125,370.1863708496094
746.604,238.0351,287.53594970703125,314.570556640625,290.8789978027344,273.3187255859375,207.87484741210938,228.39352416992188,177.4425048828125,201.82652282714844,411.9881286621094,539.7607421875,242.43576049804688,174.86190795898438
747.491,200.41621,160.91744995117188,768.92041015625,835.19921875,171.54977416992188,115.96321105957031,164.6929931640625,532.0588989257812,80.63872528076172,982.0616455078125,931.4547729492188,134.71392822265625,82.37939453125
748.583,242.9637,258.0774230957031,298.0948791503906,259.7935485839844,250.4978485107422,204.85162353515625,215.95297241210938,233.5366973876953,194.08135986328125,357.102294921875,422.35546875,290.503173828125,202.49765014648438
749.507,193.52209,159.41587829589844,725.2333984375,849.315673828125,155.71084594726562,116.52642822265625,160.82778930664062,528.7822265625,72.5626220703125,884.595703125,820.8494873046875,139.75430297851562,66.20570373535156
753.586,341.95515,204.08737182617188,674.7051391601562,586.1553955078125,350.0999450683594,274.423095703125,391.8046875,519.0722045898438,168.70111083984375,594.0726318359375,661.474853515625,204.79457092285156,146.09600830078125
756.551,1777.95483,1660.360107421875,2751.326416015625,2273.161865234375,1675.3179931640625,1311.52734375,1741.523681640625,1986.5574951171875,1034.2586669921875,3268.53857421875,3959.21923828125,2031.6220703125,1419.782958984375
757.621,176.69695,174.45681762695312,165.12359619140625,155.04415893554688,346.27215576171875,211.87567138671875,226.623046875,117.85889434814453,181.8583221435547,172.9101104736328,194.79522705078125,183.57958984375,104.43584442138672
758.569,27945.87012,34489.7578125,30540.35546875,31878.021484375,31546.09765625,26115.49609375,28029.10546875,24213.62890625,22122.865234375,32841.21484375,31257.3203125,32134.75,22903.576171875
759.637,666.6618,433.77362060546875,691.2466430664062,493.38623046875,1023.8693237304688,1126.8936767578125,777.734375,659.8460693359375,968.0077514648438,425.9400329589844,468.2787170410156,461.9786376953125,497.36517333984375
760.584,42396.42578,57138.68359375,54596.1796875,60794.06640625,40432.72265625,39350.9296875,38828.33203125,38607.3671875,35845.66796875,64594.68359375,53773.59375,48785.95703125,35715.1875
766.573,405.34224,456.227294921875,595.250732421875,639.2334594726562,567.27490234375,246.25479125976562,397.2611083984375,293.8388977050781,315.6957092285156,495.6896057128906,619.435302734375,403.5552673339844,294.0882568359375
768.587,290.31302,361.8883972167969,471.4007263183594,470.42547607421875,351.77496337890625,195.30239868164062,269.967529296875,260.85479736328125,205.75537109375,440.4715576171875,561.2822265625,246.79847717285156,184.26910400390625
769.56,300.00648,233.67941284179688,461.78155517578125,373.8545227050781,352.7690734863281,301.158203125,360.9024658203125,310.2216491699219,215.39976501464844,366.0111999511719,420.261474609375,245.71945190429688,183.53414916992188
772.524,613.19431,501.80084228515625,896.6115112304688,612.8073120117188,397.4111633300781,589.5662841796875,751.9266357421875,753.68017578125,423.0913391113281,896.2398681640625,1338.6397705078125,636.6019287109375,452.8257141113281
772.584,665.14844,879.1468505859375,726.5061645507812,866.8109741210938,926.381103515625,608.1505737304688,560.4979858398438,604.3309326171875,547.4933471679688,796.4266357421875,682.4681396484375,807.1220703125,461.55462646484375
774.564,375.87006,289.10382080078125,920.9012451171875,562.6527709960938,363.5074157714844,399.4516296386719,299.3804016113281,456.1867370605469,337.80169677734375,561.5768432617188,438.10516357421875,287.510498046875,365.2809753417969
774.599,971.93637,1394.8841552734375,1293.146728515625,1613.28125,1040.1278076171875,935.81494140625,753.638427734375,929.5505981445312,832.4900512695312,1456.568115234375,1219.299072265625,1146.1124267578125,654.4249267578125
778.512,519.27063,303.97088623046875,808.5393676757812,326.6571350097656,241.6861114501953,345.5677185058594,1162.893310546875,470.7339172363281,1191.253662109375,253.0015411376953,212.4958038330078,766.2109375,462.8419494628906
780.551,4755.72729,5095.978515625,7557.55810546875,8361.8759765625,5043.31103515625,3470.257568359375,4674.5869140625,5207.60009765625,2513.1181640625,7866.912109375,7555.951171875,4785.29150390625,2869.5146484375
782.568,17436.37695,19137.359375,26418.4765625,28464.62109375,18642.693359375,14193.064453125,18141.47265625,16325.8447265625,12629.98828125,28001.177734375,27517.669921875,16172.119140625,13686.029296875
784.583,9329.35156,10357.259765625,11512.7705078125,11675.9794921875,11263.7802734375,8275.50390625,9433.875,7627.7919921875,7684.18896484375,13646.453125,13192.951171875,9654.5068359375,6916.4990234375
785.652,302.31688,285.3876037597656,275.1407775878906,272.1561584472656,585.2646484375,319.1064453125,387.4002990722656,184.5432891845703,359.49505615234375,264.71295166015625,308.7581787109375,315.7608642578125,216.2171630859375
786.599,12047.50244,15457.04296875,14271.1865234375,15269.732421875,13296.5439453125,10989.34375,11005.357421875,10921.96484375,10084.1982421875,16660.89453125,15131.5576171875,13377.630859375,9110.318359375
787.668,2285.79761,1908.052734375,2647.82763671875,2129.655029296875,3229.32275390625,3271.82861328125,2685.609375,2003.111328125,2931.12255859375,1619.761474609375,1536.8826904296875,1612.80126953125,1815.693115234375
790.512,6665.76807,2294.9736328125,6760.13330078125,5173.69091796875,6306.65234375,4395.7646484375,7174.66796875,11082.5673828125,5727.021484375,3068.822265625,3122.408447265625,7806.8759765625,8796.8125
796.525,2968.88208,2993.692138671875,4041.099609375,3913.475341796875,2983.030029296875,2930.61962890625,3460.75,3070.403564453125,1985.9161376953125,3373.32958984375,3458.564453125,2933.13818359375,1823.2523193359375
796.583,238.36525,269.0799560546875,317.3729553222656,334.90966796875,313.2859191894531,194.17266845703125,196.6829833984375,222.4776153564453,200.48472595214844,355.7321472167969,351.8017578125,216.9244384765625,181.05740356445312
798.539,4871.64819,5087.8408203125,7847.0517578125,7632.31103515625,4063.72900390625,4844.8974609375,5199.109375,5518.34326171875,3470.345458984375,6979.77978515625,6862.94921875,4620.390625,3118.34619140625
804.55,1440.05658,1361.819091796875,2700.865966796875,2743.45654296875,1719.9771728515625,951.0801391601562,1604.6865234375,1468.371337890625,834.1719970703125,2592.505615234375,2957.700439453125,1177.3388671875,918.5952758789062
806.566,1982.66266,2146.14111328125,3110.455810546875,3047.910888671875,2979.68115234375,1476.1146240234375,1994.7647705078125,1748.57470703125,1317.024658203125,3164.7197265625,3270.5009765625,1840.0791015625,1174.8968505859375
808.582,3975.43799,4113.94580078125,6463.54541015625,6030.451171875,4691.01611328125,2973.643798828125,4144.4775390625,3823.77001953125,2565.0869140625,6862.4765625,7206.49072265625,3620.41650390625,2534.99169921875
809.65,536.26389,438.59075927734375,962.9705200195312,849.8768920898438,657.2122802734375,573.876708984375,568.093994140625,658.98291015625,399.9982604980469,606.6485595703125,605.5087890625,371.0419921875,284.69903564453125
810.599,4820.92407,5909.62255859375,7239.8154296875,7468.865234375,4869.95361328125,4081.26416015625,4634.05078125,4631.974609375,4181.96484375,8134.31640625,9261.560546875,4106.41845703125,3536.064697265625
811.667,445.87085,432.9980163574219,436.1286926269531,423.3800354003906,789.36474609375,441.8108825683594,514.7711181640625,323.80047607421875,447.4351501464844,352.8757019042969,504.82379150390625,434.02587890625,340.523681640625
813.683,2804.27173,2477.00732421875,3100.8681640625,3169.86181640625,4586.3232421875,2898.35107421875,3280.4052734375,1868.434326171875,2932.18798828125,2443.536376953125,3640.13330078125,2133.143798828125,2195.765380859375
815.698,3300.68835,3255.76318359375,3797.994384765625,3429.82861328125,4442.23095703125,3799.68115234375,3543.78125,2924.01220703125,3977.75439453125,2378.9033203125,2705.19970703125,2284.7587890625,2793.910888671875
816.527,559.04431,270.67279052734375,848.4239501953125,578.0267944335938,678.393310546875,549.75732421875,594.1888427734375,609.5010375976562,452.4296569824219,604.645263671875,591.6180419921875,504.478515625,556.9664306640625
818.543,1622.6731,638.472900390625,1677.47705078125,1182.5255126953125,1573.1903076171875,1043.435791015625,1731.809814453125,2794.334228515625,1550.8170166015625,776.8150634765625,785.202392578125,1912.557861328125,1982.393798828125
820.524,1041.81427,863.353759765625,1632.311279296875,1393.71630859375,1205.6953125,905.7025756835938,1314.0111083984375,1040.9488525390625,780.8067626953125,1216.0728759765625,1482.266357421875,781.890625,721.716064453125
822.538,856.23608,767.9482421875,1288.9835205078125,1086.8582763671875,994.7453002929688,833.8911743164062,1015.1279296875,817.1331787109375,637.8491821289062,1144.0838623046875,1239.975830078125,772.9916381835938,495.57763671875
824.555,1251.70355,1288.986328125,1917.8475341796875,1720.34765625,1266.337890625,1272.248779296875,1327.6005859375,1317.9608154296875,902.4545288085938,1674.131591796875,1740.0029296875,1164.115234375,696.68603515625
830.552,613.98831,398.2415771484375,857.9505004882812,660.0205078125,756.176025390625,460.7134094238281,695.6961669921875,664.3344116210938,493.07562255859375,588.222412109375,673.1696166992188,644.6005249023438,504.45819091796875
832.581,620.81277,685.2772216796875,1139.3612060546875,1086.349365234375,738.3198852539062,416.56884765625,611.8358154296875,627.3284301757812,410.82452392578125,1247.7440185546875,1542.171630859375,503.6123046875,361.93572998046875
835.665,557.37225,424.44305419921875,1025.2021484375,1071.147216796875,805.8590087890625,471.7727966308594,638.2477416992188,561.8807983398438,345.5069580078125,799.0004272460938,1164.735595703125,381.0543518066406,280.5540771484375
837.68,662.33789,557.8545532226562,1262.202392578125,1175.5238037109375,787.8772583007812,603.0914306640625,698.176513671875,839.233154296875,465.07305908203125,761.3516845703125,841.212158203125,399.0797119140625,358.76629638671875
843.611,239.75653,112.32733154296875,257.0786437988281,174.81219482421875,379.2134094238281,216.38787841796875,247.48043823242188,359.21160888671875,213.26576232910156,82.1387939453125,105.0854263305664,230.19552612304688,321.309326171875
845.672,692.68448,1107.963623046875,746.1852416992188,858.607177734375,1068.2730712890625,607.71484375,664.2928466796875,391.78497314453125,630.4928588867188,743.4308471679688,722.5475463867188,1107.877197265625,451.02960205078125
848.555,397.87865,370.086669921875,640.8124389648438,521.6620483398438,393.54400634765625,360.30340576171875,456.2129821777344,405.4142761230469,333.0316467285156,551.5798950195312,736.7889404296875,295.981201171875,244.0133056640625
851.639,347.43335,247.58966064453125,519.1885375976562,464.0400695800781,508.16595458984375,382.91082763671875,451.60321044921875,322.80950927734375,295.7396545410156,320.72723388671875,493.51336669921875,238.044677734375,193.67901611328125
853.653,437.709,343.456298828125,674.5722045898438,557.3417358398438,506.35833740234375,526.23388671875,523.64599609375,506.5831298828125,416.9654541015625,360.1925048828125,410.93121337890625,265.39947509765625,244.05557250976562
867.657,159.54184,196.6308135986328,173.03207397460938,170.33750915527344,306.79742431640625,136.14993286132812,183.8695831298828,86.9559097290039,145.83233642578125,144.1669464111328,169.23431396484375,188.7296600341797,112.98307800292969
894.597,369.78351,52.59815216064453,478.45574951171875,340.77386474609375,447.0389404296875,471.6590270996094,483.67840576171875,1574.5772705078125,131.6947784423828,878.3259887695312,675.6174926757812,37.72978973388672,164.64337158203125
910.57,273.57562,59.473724365234375,336.426513671875,227.05670166015625,311.4661560058594,424.61846923828125,391.00701904296875,1031.3760986328125,123.27281951904297,454.01318359375,381.8516540527344,47.51161575317383,126.78884887695312
914.636,216.66239,203.4654998779297,269.8255920410156,232.84170532226562,405.9903564453125,204.32696533203125,183.3250732421875,220.20579528808594,170.08609008789062,288.25830078125,233.01611328125,192.0790252685547,188.09461975097656
916.579,163.29929,22.566875457763672,320.53564453125,273.021484375,158.6201171875,172.91165161132812,200.65728759765625,1076.8468017578125,42.49380111694336,676.3076782226562,507.842529296875,11.356768608093262,57.453712463378906
916.651,296.39491,327.2274169921875,412.85870361328125,367.4153137207031,400.3021240234375,292.2669677734375,265.5064697265625,246.269775390625,259.2347412109375,455.63958740234375,375.31597900390625,291.05084228515625,211.6417694091797
932.553,193.8593,38.870384216308594,347.5630187988281,266.6660461425781,183.42599487304688,207.60919189453125,229.40701293945312,1050.791015625,82.5269775390625,517.6506958007812,423.6867980957031,52.700714111328125,103.88491821289062
941.635,213.91732,243.0569610595703,226.5884552001953,222.2677001953125,410.42431640625,221.73309326171875,225.16793823242188,139.26988220214844,211.95816040039062,200.60977172851562,199.9320068359375,243.99411010742188,158.34893798828125
943.65,319.75264,389.49530029296875,364.12353515625,380.4158630371094,513.3093872070312,332.99041748046875,309.5880126953125,200.44102478027344,332.9427490234375,324.49102783203125,337.68084716796875,368.6680908203125,224.34005737304688
