m/z value,Total,VAN0010-LK-152-8,VAN0012-RK-102-164,VAN0012-RK-102-167,VAN0013-LK-203-8,VAN0016-LK-203-68,VAN0028-LK-4-8,VAN0029-RK-2-82,VAN0030-LK-3-383,VAN0031-LK-2-38,VAN0031-LK-3-63,VAN0033-RK-2-66,VAN0034-RK-4-36
622.444,583.36478,380.2955322265625,679.9599609375,433.24005126953125,753.1181640625,327.259765625,732.5616455078125,849.9946899414062,725.62158203125,450.9393005371094,438.71612548828125,603.03466796875,443.5635986328125
650.439,904.70978,1022.5298461914062,2037.655029296875,907.2197875976562,288.58184814453125,1125.5645751953125,3449.22509765625,1299.901611328125,3339.27001953125,623.2132568359375,558.83837890625,2158.2353515625,846.71240234375
650.475,8573.09229,18991.298828125,17368.212890625,11002.865234375,5274.94140625,9084.98046875,8731.82421875,21146.951171875,3284.347412109375,19820.728515625,15156.6630859375,14630.5673828125,3992.77490234375
675.543,550.45123,446.224853515625,559.5498657226562,507.07147216796875,665.9874877929688,488.59466552734375,519.947265625,343.78143310546875,529.8397827148438,617.7946166992188,577.2979736328125,672.327392578125,423.21038818359375
678.47,250.08477,266.17974853515625,501.1635437011719,236.06832885742188,99.59846496582031,305.5885314941406,823.3453369140625,335.5815734863281,837.9310913085938,177.2144012451172,162.85646057128906,548.6817016601562,236.79544067382812
682.456,167.45156,97.65613555908203,495.1528625488281,468.96954345703125,146.94915771484375,154.83047485351562,199.03823852539062,402.0569152832031,103.97113800048828,432.0184631347656,439.86712646484375,120.34993743896484,86.6058349609375
697.477,138.68553,112.10492706298828,469.0252990722656,503.5232849121094,99.02880096435547,91.80460357666016,134.544189453125,478.081298828125,73.43143463134766,704.2335205078125,694.2500610351562,138.84332275390625,91.1107177734375
701.559,419.43703,395.4285888671875,397.2021484375,409.67572021484375,552.897705078125,337.102783203125,511.2528076171875,194.24444580078125,309.2991638183594,674.2216796875,626.439697265625,456.4779357910156,237.65220642089844
703.574,12094.57031,11748.3837890625,13781.603515625,12783.5390625,12443.6123046875,12411.3193359375,14420.6904296875,9389.12109375,11565.921875,15086.0537109375,13496.3388671875,11333.0400390625,10611.37890625
706.465,564.5271,227.20657348632812,531.0848388671875,425.28424072265625,736.1744995117188,369.85357666015625,525.34716796875,805.10986328125,438.6636962890625,181.21273803710938,247.91664123535156,697.6093139648438,749.514404296875
706.537,680.95251,748.4559326171875,633.5632934570312,635.4132690429688,655.8313598632812,520.0117797851562,571.5257568359375,658.6500854492188,489.9760437011719,1093.9932861328125,1073.87939453125,1145.9202880859375,602.9122924804688
720.552,312.05765,270.95025634765625,312.45513916015625,297.0343017578125,316.8648376464844,241.73269653320312,238.52731323242188,305.8067932128906,224.38299560546875,437.64691162109375,408.8553161621094,485.0586853027344,298.73345947265625
720.589,218.54937,264.0974426269531,302.14434814453125,268.4866638183594,165.40272521972656,209.93939208984375,219.14471435546875,243.75936889648438,182.38229370117188,376.015869140625,356.094970703125,253.5557403564453,195.86260986328125
721.477,372.9856,303.37774658203125,1639.599853515625,2235.712890625,347.22369384765625,279.52532958984375,375.119873046875,1225.39208984375,184.36434936523438,1495.1912841796875,2037.540283203125,369.7464294433594,167.49365234375
723.492,431.72134,404.2213134765625,2425.46923828125,3375.2197265625,384.2235107421875,335.3328857421875,433.76165771484375,1746.6279296875,202.5352325439453,2599.218505859375,2999.788818359375,398.24365234375,200.07205200195312
725.556,2125.99133,1763.914794921875,4741.34033203125,4775.87890625,2033.3834228515625,1915.826904296875,2700.25341796875,2700.1103515625,1376.0089111328125,4695.55126953125,4845.66650390625,1949.380126953125,1236.29736328125
729.59,239.48813,182.41571044921875,272.61651611328125,270.5533447265625,343.96661376953125,200.96859741210938,337.92877197265625,139.66014099121094,183.49876403808594,334.48211669921875,374.1111755371094,214.8705596923828,117.9333267211914
730.537,225.4827,246.30001831054688,210.60659790039062,223.98049926757812,266.3224182128906,158.8232421875,200.27493286132812,159.2373046875,153.3158721923828,276.3227844238281,298.8232116699219,341.8331604003906,169.8541717529297
731.605,2051.59595,1443.505859375,2576.588134765625,2116.99755859375,2390.259521484375,2064.508544921875,2557.303955078125,2221.350341796875,1910.0538330078125,2657.854248046875,2595.392822265625,1466.172607421875,1291.0032958984375
732.553,1653.03046,1501.5614013671875,1587.63134765625,1733.693359375,1652.646484375,1131.516845703125,1747.1864013671875,1144.5811767578125,1155.139404296875,3253.6767578125,3330.2958984375,2479.140869140625,1716.367919921875
734.45,487.43723,200.03680419921875,688.333740234375,491.591552734375,499.83154296875,302.7452697753906,806.2293090820312,930.934814453125,522.4635009765625,340.01226806640625,372.7591857910156,411.6630859375,630.81982421875
734.569,6464.98193,8109.7099609375,7323.4833984375,7181.45703125,4283.3798828125,5500.98486328125,7389.8623046875,7336.55126953125,5285.39306640625,11819.1728515625,10423.6787109375,8794.2900390625,7033.8349609375
739.466,302.0089,272.4041748046875,1030.70263671875,1166.92822265625,254.52406311035156,297.5253601074219,322.2427062988281,820.969482421875,178.499267578125,892.486572265625,1019.35791015625,252.12376403808594,148.43023681640625
741.53,1409.74933,1107.7744140625,2331.690673828125,2020.74462890625,1378.7061767578125,1597.041015625,1939.90625,1596.524169921875,1188.3463134765625,1917.544677734375,2001.746826171875,1231.1029052734375,916.450439453125
742.573,196.97352,236.69012451171875,233.58351135253906,273.7650146484375,218.57374572753906,160.41781616210938,169.87554931640625,158.19091796875,138.38943481445312,235.89169311523438,238.89752197265625,239.29620361328125,138.64593505859375
744.589,262.86111,351.97003173828125,330.52581787109375,391.03167724609375,307.1077575683594,211.31507873535156,220.76547241210938,173.28170776367188,182.1400146484375,336.5945739746094,319.7643127441406,276.6100158691406,177.71250915527344
745.477,174.64072,128.9183349609375,842.7230224609375,1063.33056640625,164.6587371826172,110.84868621826172,174.9300537109375,526.1658325195312,83.026123046875,751.38134765625,916.939697265625,139.5718231201172,79.9664077758789
746.568,420.33327,434.71429443359375,443.58917236328125,470.8904724121094,477.6495056152344,349.6723327636719,339.99566650390625,307.0372009277344,310.96240234375,550.26123046875,549.144287109375,520.3251953125,322.65093994140625
746.604,270.89325,311.4925537109375,332.1236572265625,346.18536376953125,275.3218688964844,240.8908233642578,275.45513916015625,185.30783081054688,223.41485595703125,556.5642700195312,469.18060302734375,269.4568176269531,195.5743865966797
747.491,180.1575,146.30438232421875,758.5919799804688,876.7752075195312,167.57167053222656,118.14783477783203,156.12753295898438,535.7723388671875,87.58456420898438,945.599853515625,1068.6241455078125,154.20753479003906,87.3747329711914
748.583,254.11574,270.49688720703125,285.62762451171875,304.93377685546875,244.2853546142578,206.7823486328125,230.5008544921875,252.5181121826172,187.7415313720703,424.03338623046875,383.9541320800781,305.2996826171875,203.83108520507812
749.507,162.40157,137.2880859375,677.62939453125,880.452392578125,147.45982360839844,117.0777816772461,145.108154296875,496.9592590332031,72.5573959350586,827.6568603515625,985.631103515625,138.0992431640625,62.89655685424805
753.586,359.81821,225.45314025878906,795.4153442382812,745.6788330078125,375.8885498046875,295.91595458984375,453.5335693359375,585.0348510742188,221.36192321777344,713.7173461914062,803.9366455078125,266.134033203125,161.26641845703125
756.551,1837.97845,1834.0352783203125,2932.70849609375,2837.599609375,1638.6192626953125,1436.9072265625,1892.3680419921875,2297.630126953125,1157.80419921875,3909.194091796875,3995.074462890625,2371.21826171875,1549.2392578125
757.621,254.74209,227.16896057128906,225.3204345703125,218.39657592773438,375.35491943359375,251.33038330078125,311.1688232421875,146.18202209472656,239.5595703125,219.69577026367188,299.955322265625,259.4066467285156,138.01113891601562
758.569,30462.52441,34107.57421875,33620.40625,35529.0390625,32112.076171875,29647.056640625,30356.48046875,24494.8046875,25839.986328125,30370.44140625,35968.48046875,34955.58203125,23644.86328125
759.637,1005.82254,810.8046875,1090.540771484375,854.37841796875,1200.2430419921875,1567.67626953125,1137.197021484375,1054.9986572265625,1237.1851806640625,604.8002319335938,682.9508056640625,690.7212524414062,792.7536010742188
760.584,35562.68555,46520.86328125,45352.890625,52286.0625,34149.1171875,33831.76953125,34113.53125,33501.8046875,28258.779296875,47147.671875,46161.8984375,37242.984375,29920.30859375
766.573,509.18971,500.29010009765625,733.504150390625,794.728515625,648.6905517578125,324.1488952636719,468.13238525390625,347.8251647949219,379.5540771484375,695.0824584960938,702.6015014648438,487.4795837402344,335.176513671875
768.587,333.73338,379.75372314453125,508.64373779296875,541.5870361328125,395.3802795410156,227.46217346191406,318.16229248046875,250.54315185546875,229.27259826660156,559.91650390625,559.7518920898438,275.1799621582031,198.78439331054688
769.56,322.20865,238.50433349609375,502.38177490234375,434.0348815917969,364.86126708984375,319.6263732910156,398.38629150390625,339.8086242675781,256.9467468261719,384.7219543457031,452.81072998046875,268.42852783203125,189.517822265625
772.524,611.81458,628.8975830078125,920.167236328125,797.4521484375,398.08453369140625,628.1122436523438,802.3859252929688,935.438232421875,471.5274963378906,1160.43408203125,1173.8411865234375,785.933349609375,517.3780517578125
772.584,684.87888,707.2222900390625,715.3994750976562,926.1170043945312,877.9855346679688,626.2532348632812,567.6551513671875,509.5881652832031,525.0167846679688,656.7442626953125,803.501220703125,739.9230346679688,407.63507080078125
774.564,382.62433,298.1845397949219,1017.959716796875,609.42626953125,358.9138488769531,439.93853759765625,289.07818603515625,451.3436584472656,356.406982421875,511.740966796875,487.95892333984375,282.3701171875,368.9800109863281
774.599,756.47409,896.6467895507812,943.2724609375,1291.6795654296875,840.459228515625,704.02880859375,625.4517822265625,661.2723999023438,551.2145385742188,985.2745971679688,1046.68603515625,739.2704467773438,461.398681640625
778.512,349.9337,266.026611328125,699.7617797851562,323.0660705566406,229.83702087402344,303.35748291015625,950.01611328125,442.5146484375,1159.6241455078125,218.62091064453125,215.24586486816406,620.5473022460938,411.5322570800781
780.551,4830.73462,4635.23046875,8304.6181640625,9693.0654296875,5007.326171875,3878.323486328125,4965.228515625,5341.75830078125,2935.8486328125,7223.97998046875,9311.4111328125,5330.76708984375,2904.951171875
782.568,17466.42285,18306.5234375,27591.4296875,31212.6328125,18386.701171875,14143.896484375,18581.302734375,16615.46484375,13361.142578125,25210.27734375,27186.025390625,16264.220703125,13426.4970703125
784.583,10247.86035,10321.5703125,11823.6337890625,12523.9140625,11235.87109375,8705.4033203125,9630.8046875,7788.0703125,7839.162109375,13830.6748046875,14269.158203125,11035.1796875,7274.4208984375
785.652,431.60716,373.4715881347656,384.5391845703125,375.97454833984375,636.0697631835938,383.0516357421875,474.90301513671875,226.38584899902344,469.443603515625,389.5431823730469,421.760986328125,450.1556091308594,269.1236572265625
786.599,12262.9834,14630.3671875,13710.6611328125,14965.12890625,12795.900390625,11541.021484375,10780.705078125,10106.658203125,9573.1611328125,16674.908203125,16711.82421875,12498.931640625,8680.953125
787.668,3315.78589,3145.57080078125,4402.84765625,3754.05810546875,3597.858642578125,4330.962890625,3507.10546875,3255.79931640625,3912.85693359375,1955.798095703125,2028.75146484375,2541.697509765625,2860.416015625
790.512,5839.16406,2330.60986328125,6056.2919921875,5094.865234375,6036.947265625,4068.2021484375,6955.4833984375,10698.732421875,5259.85693359375,2528.581298828125,3004.51416015625,6705.39013671875,8428.64453125
796.525,2971.23132,2821.85791015625,4243.748046875,4367.1591796875,2976.541748046875,3210.50537109375,3494.44970703125,3150.046875,2320.126708984375,3098.83447265625,3966.8583984375,3245.04931640625,1816.3988037109375
796.583,237.05309,224.12149047851562,300.6409912109375,348.61907958984375,304.8072509765625,173.5198516845703,197.91824340820312,199.29800415039062,179.24757385253906,323.7129821777344,326.7620544433594,190.1761016845703,156.67477416992188
798.539,3729.66736,4017.013427734375,6316.33154296875,6682.9765625,3402.573486328125,4088.779296875,4242.2353515625,4811.36328125,2755.95263671875,5454.57958984375,5905.03271484375,3603.935302734375,2489.319091796875
804.55,1570.15491,1356.807861328125,3424.24951171875,3823.93212890625,1763.6014404296875,1055.7816162109375,1774.10888671875,1721.24462890625,971.3094482421875,2637.434814453125,3282.83544921875,1392.4537353515625,949.9783935546875
806.566,2362.67712,2122.628662109375,3661.29833984375,3843.77197265625,3100.299560546875,1666.9537353515625,2181.36962890625,1941.5250244140625,1535.837158203125,3302.39013671875,3954.187744140625,2245.801025390625,1294.979736328125
808.582,4229.00708,3965.33447265625,6905.11572265625,6895.59228515625,4728.24267578125,3206.2041015625,4277.7392578125,3891.56689453125,2713.82666015625,7274.345703125,8202.3251953125,3948.2802734375,2615.864013671875
809.65,665.03165,594.4370727539062,1471.263671875,1479.9652099609375,690.8158569335938,716.0972290039062,696.4481811523438,974.3369750976562,509.0380859375,684.0464477539062,834.2579345703125,540.0435180664062,393.478759765625
810.599,4759.52466,5438.3798828125,6981.98583984375,7561.958984375,4983.072265625,4090.377197265625,4664.41796875,4460.10888671875,3952.933349609375,8698.8046875,8991.728515625,3800.033447265625,3298.855224609375
811.667,663.21109,626.4472045898438,601.0881958007812,591.6981201171875,890.2623291015625,588.5520629882812,667.8964233398438,414.4432373046875,684.3980102539062,594.3125610351562,667.8485107421875,700.960693359375,465.59912109375
813.683,3980.82166,3614.5595703125,3971.39794921875,4026.12744140625,5034.96875,3656.497802734375,4010.3935546875,2483.40673828125,4170.41552734375,4086.398681640625,4304.53466796875,3627.632568359375,3024.79296875
815.698,4118.13965,4497.994140625,4973.2734375,4488.9013671875,4624.22021484375,4262.45703125,4190.9404296875,3607.9677734375,4678.24609375,3110.677978515625,3130.817138671875,3327.03076171875,3662.47412109375
816.527,568.87723,293.99371337890625,833.0523071289062,659.9581909179688,645.542724609375,550.30615234375,586.1324462890625,630.1111450195312,411.36737060546875,578.9484252929688,624.6768798828125,503.7779541015625,558.419677734375
818.543,1503.53693,690.586669921875,1541.4923095703125,1186.25,1627.5487060546875,1063.9884033203125,1735.53515625,2744.59814453125,1475.3778076171875,722.8024291992188,831.8597412109375,1681.5679931640625,1938.83984375
820.524,1110.16449,895.375732421875,1930.0626220703125,1831.3294677734375,1239.0556640625,985.4252319335938,1397.291259765625,1203.0958251953125,902.7457885742188,1212.451904296875,1522.33642578125,912.1968994140625,745.084716796875
822.538,887.95541,742.6743774414062,1304.5321044921875,1199.82470703125,980.8313598632812,861.2810668945312,973.6325073242188,855.9879150390625,651.5709228515625,1162.3658447265625,1363.1553955078125,897.6885986328125,510.73638916015625
824.555,1172.73352,1164.156494140625,1752.2520751953125,1721.893310546875,1193.67822265625,1296.9423828125,1204.0909423828125,1231.010986328125,852.8187255859375,1634.4215087890625,1915.0648193359375,1113.373046875,643.9234008789062
830.552,675.91458,416.13134765625,984.7885131835938,842.5189208984375,786.7467651367188,507.5052795410156,749.973876953125,729.7665405273438,560.3280639648438,624.3500366210938,789.7111206054688,698.1182861328125,535.868896484375
832.581,651.54297,616.7960205078125,1191.659423828125,1278.158203125,765.1678466796875,437.2455749511719,628.29052734375,660.3516235351562,416.9228210449219,1389.516845703125,1597.923095703125,513.9598999023438,344.5745849609375
835.665,711.66766,546.8074951171875,1287.257568359375,1470.1890869140625,837.6865844726562,552.168212890625,726.9404296875,696.281005859375,477.70745849609375,1155.8599853515625,1455.3834228515625,615.2080688476562,365.0377197265625
837.68,740.21194,680.810791015625,1633.283203125,1666.0008544921875,788.4346923828125,649.521728515625,786.6423950195312,1020.60693359375,545.8863525390625,924.0830688476562,1080.00048828125,569.1322631835938,442.8026428222656
843.611,310.37186,131.24923706054688,295.5887451171875,212.676025390625,424.7262268066406,250.61935424804688,301.80511474609375,428.8161926269531,279.69573974609375,102.70318603515625,112.81412506103516,312.7029113769531,420.8338623046875
845.672,673.11929,957.0980224609375,649.1603393554688,866.137939453125,874.2872924804688,567.599609375,614.4867553710938,356.2330627441406,501.0444030761719,565.113037109375,646.4392700195312,892.8395385742188,376.409912109375
848.555,391.14896,349.52142333984375,645.1560668945312,588.20703125,408.0618591308594,366.49700927734375,447.72930908203125,425.80548095703125,330.0600280761719,607.31298828125,706.1160888671875,292.4761047363281,231.8035888671875
851.639,436.06535,321.5028076171875,614.8206787109375,599.65673828125,535.121337890625,443.9835510253906,496.82904052734375,387.2332458496094,396.0943603515625,442.38653564453125,578.80859375,361.77301025390625,248.08456420898438
853.653,478.01636,427.549072265625,792.7679443359375,703.6661376953125,512.5894775390625,545.8966674804688,565.8175048828125,600.8265991210938,471.04144287109375,409.06903076171875,474.8814392089844,363.0302734375,301.59130859375
867.657,200.66402,216.02325439453125,211.11660766601562,252.87619018554688,309.98504638671875,150.69090270996094,213.27459716796875,100.36782836914062,167.302001953125,149.7640380859375,180.7112579345703,228.48207092285156,116.10020446777344
894.597,345.01125,49.18977355957031,471.9281005859375,234.5384521484375,468.3779602050781,436.0348205566406,449.9656066894531,1528.712158203125,132.4530792236328,916.3348388671875,637.1185302734375,37.1161003112793,167.50457763671875
910.57,247.89786,60.47343444824219,324.79888916015625,173.52044677734375,325.58978271484375,387.6846618652344,347.760498046875,1004.8556518554688,126.37577056884766,469.6254577636719,346.5439147949219,45.05075454711914,126.64349365234375
914.636,250.91257,208.10040283203125,285.65289306640625,245.62240600585938,392.4522399902344,217.21595764160156,189.96621704101562,218.3173065185547,186.41685485839844,260.4461669921875,264.16082763671875,199.96893310546875,184.35012817382812
916.579,134.25382,19.951332092285156,311.9300537109375,190.91213989257812,161.91925048828125,159.73849487304688,183.97811889648438,1043.5087890625,44.19786834716797,668.7973022460938,494.86297607421875,11.25701904296875,55.69749450683594
916.651,278.15419,287.25653076171875,362.6173400878906,332.47576904296875,349.4480895996094,252.42105102539062,236.1337127685547,216.68374633789062,215.23912048339844,349.5290832519531,335.59173583984375,240.67054748535156,180.9981689453125
932.553,163.15002,37.300052642822266,320.47857666015625,198.20152282714844,185.12423706054688,186.1172637939453,203.521240234375,1007.1596069335938,81.01213836669922,502.05224609375,400.438232421875,46.335784912109375,99.0440673828125
941.635,275.34731,277.89630126953125,261.2283630371094,282.59405517578125,419.0544738769531,258.528564453125,257.67999267578125,151.95982360839844,251.83724975585938,202.3526611328125,243.0449981689453,299.84185791015625,173.65328979492188
943.65,333.39822,374.638427734375,338.3190612792969,391.7132568359375,455.7693786621094,322.7601623535156,299.72027587890625,192.04747009277344,292.2657775878906,289.0676574707031,319.7728576660156,337.0596618652344,202.65704345703125
